47.619 4.243 25.895
95.238 16.248 31.266
142.857 26.546 35.637
190.476 18.527 38.617
238.095 6.396 39.944
285.714 10.245 39.499
333.333 30.620 37.321
380.952 29.485 33.603
428.571 10.644 28.678
476.190 16.123 22.981
523.810 35.397 17.019
571.429 27.868 11.322
619.048 12.854 6.397
666.667 9.663 2.679
714.286 4.953 0.501
47.619 4.812 48.816
95.238 18.426 54.187
142.857 30.104 58.558
190.476 21.003 61.538
238.095 6.976 62.865
285.714 8.657 62.420
333.333 25.238 60.241
380.952 24.299 56.524
428.571 8.908 51.599
476.190 14.211 45.902
523.810 31.449 39.940
571.429 26.358 34.243
619.048 17.109 29.318
666.667 16.116 25.600
714.286 8.340 23.422
47.619 4.348 70.039
95.238 16.649 75.410
142.857 27.201 79.780
190.476 18.970 82.761
238.095 6.014 84.088
285.714 4.732 83.642
333.333 12.904 81.464
380.952 12.431 77.747
428.571 4.846 72.821
476.190 8.939 67.125
523.810 19.989 61.163
571.429 19.066 55.466
619.048 18.427 50.540
666.667 19.475 46.823
714.286 9.869 44.645
95.238 11.987 95.165
142.857 19.583 99.535
190.476 13.654 102.516
238.095 4.183 103.842
333.333 4.157 101.219
380.952 4.068 97.502
476.190 4.687 86.879
523.810 9.762 80.918
571.429 12.324 75.221
619.048 17.952 70.295
666.667 19.047 66.578
714.286 9.011 64.400
95.238 6.876 113.811
142.857 11.234 118.182
190.476 7.834 121.162
476.190 4.210 105.526
523.810 5.334 99.564
571.429 9.852 93.867
619.048 18.956 88.941
666.667 18.616 85.224
714.286 7.840 83.046
142.857 5.136 136.179
428.571 4.800 129.220
476.190 8.033 123.523
523.810 5.916 117.561
571.429 10.836 111.865
619.048 22.383 106.939
666.667 20.578 103.222
714.286 7.916 101.044
380.952 5.398 152.010
428.571 10.142 147.084
476.190 14.999 141.388
523.810 8.928 135.426
571.429 12.572 129.729
619.048 25.654 124.803
666.667 23.056 121.086
714.286 8.755 118.908
333.333 6.771 173.987
380.952 11.126 170.270
428.571 17.053 165.344
476.190 21.885 159.648
523.810 11.720 153.686
571.429 13.044 147.989
619.048 25.904 143.063
666.667 23.255 139.346
714.286 10.205 137.168
285.714 4.217 195.314
333.333 11.328 193.136
380.952 18.135 189.419
428.571 23.190 184.493
476.190 24.911 178.796
523.810 12.444 172.834
571.429 12.280 167.137
619.048 23.340 162.212
666.667 21.029 158.495
714.286 14.492 156.317
761.905 4.472 155.871
285.714 5.515 215.765
333.333 15.177 213.587
380.952 24.789 209.870
428.571 28.041 204.944
476.190 24.155 199.247
523.810 11.698 193.285
571.429 13.000 187.589
619.048 22.429 182.663
666.667 19.241 178.946
714.286 20.755 176.768
761.905 7.750 176.322
285.714 5.854 237.817
333.333 17.762 235.639
380.952 33.010 231.922
428.571 37.412 226.996
476.190 25.947 221.299
523.810 12.448 215.338
571.429 18.174 209.641
619.048 27.913 204.715
666.667 20.957 200.998
714.286 23.482 198.820
761.905 8.749 198.375
285.714 5.071 261.627
333.333 17.788 259.449
380.952 38.479 255.732
428.571 46.190 250.806
476.190 29.109 245.109
523.810 14.014 239.147
571.429 24.064 233.450
619.048 35.096 228.525
666.667 24.842 224.808
714.286 25.956 222.630
761.905 9.049 222.184
333.333 12.498 285.015
380.952 27.639 281.298
428.571 32.870 276.373
476.190 20.072 270.676
523.810 10.892 264.714
571.429 22.152 259.017
619.048 32.467 254.091
666.667 25.394 250.374
714.286 31.904 248.196
761.905 11.094 247.751
952.381 7.216 261.800
1000.000 6.494 267.695
0.000 5.373 294.863
47.619 12.440 300.758
95.238 7.020 306.129
333.333 7.893 312.183
380.952 13.969 308.466
428.571 12.867 303.540
476.190 7.121 297.844
523.810 5.668 291.882
571.429 14.056 286.185
619.048 21.026 281.259
666.667 21.629 277.542
714.286 34.819 275.364
761.905 12.263 274.919
904.762 4.934 283.596
952.381 13.577 288.968
1000.000 11.573 294.863
0.000 13.511 323.333
47.619 27.506 329.228
95.238 14.966 334.600
333.333 10.460 340.654
380.952 14.524 336.937
428.571 8.920 332.011
523.810 4.092 320.352
571.429 9.709 314.656
619.048 12.995 309.730
666.667 17.832 306.013
714.286 30.155 303.835
761.905 10.400 303.389
857.143 4.999 307.697
904.762 9.533 312.067
952.381 19.579 317.438
1000.000 15.519 323.333
0.000 14.403 352.692
47.619 29.256 358.588
95.238 15.907 363.959
285.714 3.786 372.191
333.333 17.893 370.013
380.952 24.815 366.296
428.571 21.763 361.370
476.190 5.336 355.673
523.810 5.103 349.712
571.429 10.566 344.015
619.048 11.414 339.089
666.667 15.168 335.372
714.286 20.912 333.194
761.905 6.773 332.748
857.143 7.389 337.056
904.762 12.915 341.426
952.381 21.203 346.797
1000.000 15.551 352.692
0.000 6.494 382.447
47.619 14.908 388.342
95.238 8.393 393.713
285.714 4.864 401.946
333.333 23.243 399.767
380.952 33.229 396.050
428.571 39.182 391.125
476.190 9.277 385.428
523.810 4.799 379.466
571.429 9.583 373.769
619.048 9.577 368.844
666.667 11.571 365.126
714.286 12.140 362.948
761.905 3.613 362.503
857.143 7.047 366.810
904.762 11.780 371.181
952.381 16.681 376.552
1000.000 11.450 382.447
47.619 4.452 417.964
285.714 4.396 431.567
333.333 21.045 429.389
380.952 29.845 425.672
428.571 33.019 420.746
476.190 7.414 415.050
571.429 5.115 403.391
619.048 5.278 398.465
666.667 7.030 394.748
714.286 6.267 392.570
857.143 4.334 396.432
904.762 7.089 400.802
952.381 9.236 406.174
1000.000 6.066 412.069
333.333 13.141 458.362
380.952 17.938 454.645
428.571 13.365 449.719
761.905 5.090 421.097
333.333 5.650 486.226
380.952 7.498 482.509
761.905 15.237 448.962
714.286 4.462 475.803
761.905 29.550 475.358
809.524 5.190 476.684
714.286 4.788 500.501
761.905 33.918 500.056
809.524 5.939 501.383
