0.000 0.473 20.000
47.619 4.243 25.895
95.238 16.248 31.266
142.857 26.546 35.637
190.476 18.527 38.617
238.095 6.396 39.944
285.714 10.245 39.499
333.333 30.620 37.321
380.952 29.485 33.603
428.571 10.644 28.678
476.190 16.123 22.981
0.000 0.536 42.921
47.619 4.812 48.816
95.238 18.426 54.187
142.857 30.104 58.558
190.476 21.003 61.538
238.095 6.976 62.865
285.714 8.657 62.420
333.333 25.238 60.241
380.952 24.299 56.524
428.571 8.908 51.599
476.190 14.211 45.902
0.000 0.484 64.144
47.619 4.348 70.039
95.238 16.649 75.410
142.857 27.201 79.780
190.476 18.970 82.761
238.095 6.014 84.088
285.714 4.732 83.642
333.333 12.904 81.464
380.952 12.431 77.747
428.571 4.846 72.821
476.190 8.939 67.125
0.000 0.349 83.898
47.619 3.130 89.793
95.238 11.987 95.165
142.857 19.583 99.535
190.476 13.654 102.516
238.095 4.183 103.842
285.714 1.808 103.397
333.333 4.157 101.219
380.952 4.068 97.502
428.571 2.114 92.576
476.190 4.687 86.879
0.000 0.200 102.545
47.619 1.796 108.440
95.238 6.876 113.811
142.857 11.234 118.182
190.476 7.834 121.162
238.095 2.376 122.489
285.714 0.660 122.043
333.333 1.126 119.865
380.952 1.382 116.148
428.571 2.091 111.223
476.190 4.210 105.526
0.000 0.091 120.542
47.619 0.821 126.437
95.238 3.143 131.809
142.857 5.136 136.179
190.476 3.590 139.160
238.095 1.156 140.486
285.714 0.585 140.041
333.333 1.234 137.863
380.952 2.144 134.146
428.571 4.800 129.220
476.190 8.033 123.523
0.000 0.033 138.407
47.619 0.299 144.302
95.238 1.145 149.673
142.857 1.872 154.043
190.476 1.333 157.024
238.095 0.636 158.351
285.714 1.221 157.905
333.333 3.154 155.727
380.952 5.398 152.010
428.571 10.142 147.084
476.190 14.999 141.388
0.000 0.010 156.667
47.619 0.087 162.562
95.238 0.332 167.933
142.857 0.547 172.303
190.476 0.443 175.284
238.095 0.648 176.611
285.714 2.536 176.165
333.333 6.771 173.987
380.952 11.126 170.270
428.571 17.053 165.344
476.190 21.885 159.648
0.000 0.002 175.815
47.619 0.021 181.710
95.238 0.078 187.082
142.857 0.133 191.452
190.476 0.195 194.433
238.095 0.920 195.759
285.714 4.217 195.314
333.333 11.328 193.136
380.952 18.135 189.419
428.571 23.190 184.493
476.190 24.911 178.796
0.000 0.003 196.266
47.619 0.017 202.161
95.238 0.023 207.533
142.857 0.033 211.903
190.476 0.155 214.884
238.095 1.163 216.210
285.714 5.515 215.765
333.333 15.177 213.587
380.952 24.789 209.870
428.571 28.041 204.944
476.190 24.155 199.247
0.000 0.023 218.319
47.619 0.118 224.214
95.238 0.078 229.585
142.857 0.019 233.955
190.476 0.142 236.936
238.095 1.177 238.263
285.714 5.854 237.817
333.333 17.762 235.639
380.952 33.010 231.922
428.571 37.412 226.996
476.190 25.947 221.299
0.000 0.157 242.128
47.619 0.705 248.023
95.238 0.448 253.395
142.857 0.045 257.765
190.476 0.109 260.746
238.095 0.940 262.072
285.714 5.071 261.627
333.333 17.788 259.449
380.952 38.479 255.732
428.571 46.190 250.806
476.190 29.109 245.109
0.000 1.059 267.695
47.619 3.338 273.590
95.238 2.014 278.961
142.857 0.200 283.332
190.476 0.070 286.312
238.095 0.580 287.639
285.714 3.334 287.193
333.333 12.498 285.015
380.952 27.639 281.298
428.571 32.870 276.373
476.190 20.072 270.676
0.000 5.373 294.863
47.619 12.440 300.758
95.238 7.020 306.129
142.857 0.808 310.499
190.476 0.059 313.480
238.095 0.297 314.807
285.714 2.045 314.361
333.333 7.893 312.183
380.952 13.969 308.466
428.571 12.867 303.540
476.190 7.121 297.844
0.000 13.511 323.333
47.619 27.506 329.228
95.238 14.966 334.600
142.857 1.872 338.970
190.476 0.086 341.951
238.095 0.200 343.277
285.714 2.354 342.832
333.333 10.460 340.654
380.952 14.524 336.937
428.571 8.920 332.011
476.190 2.876 326.314
0.000 14.403 352.692
47.619 29.256 358.588
95.238 15.907 363.959
142.857 1.992 368.329
190.476 0.085 371.310
238.095 0.236 372.637
285.714 3.786 372.191
333.333 17.893 370.013
380.952 24.815 366.296
428.571 21.763 361.370
476.190 5.336 355.673
0.000 6.494 382.447
47.619 14.908 388.342
95.238 8.393 393.713
142.857 0.969 398.084
190.476 0.039 401.064
238.095 0.283 402.391
285.714 4.864 401.946
333.333 23.243 399.767
380.952 33.229 396.050
428.571 39.182 391.125
476.190 9.277 385.428
0.000 1.435 412.069
47.619 4.452 417.964
95.238 2.678 423.335
142.857 0.261 427.705
190.476 0.011 430.686
238.095 0.252 432.013
285.714 4.396 431.567
333.333 21.045 429.389
380.952 29.845 425.672
428.571 33.019 420.746
476.190 7.414 415.050
0.000 0.234 441.041
47.619 1.038 446.936
95.238 0.658 452.308
142.857 0.055 456.678
190.476 0.003 459.659
238.095 0.157 460.985
285.714 2.744 460.540
333.333 13.141 458.362
380.952 17.938 454.645
428.571 13.365 449.719
476.190 2.600 444.022
0.000 0.038 468.906
47.619 0.193 474.801
95.238 0.124 480.172
142.857 0.010 484.542
190.476 0.001 487.523
238.095 0.068 488.850
285.714 1.180 488.404
333.333 5.650 486.226
380.952 7.498 482.509
428.571 3.510 477.583
476.190 0.503 471.887
0.000 0.005 495.302
47.619 0.025 501.197
95.238 0.016 506.568
142.857 0.001 510.939
190.476 0.000 513.919
238.095 0.020 515.246
285.714 0.349 514.800
333.333 1.673 512.622
380.952 2.199 508.905
428.571 0.828 503.980
476.190 0.090 498.283
0.000 0.000 520.000
47.619 0.002 525.895
95.238 0.001 531.266
142.857 0.000 535.637
190.476 0.000 538.617
238.095 0.004 539.944
285.714 0.071 539.499
333.333 0.341 537.321
380.952 0.447 533.603
428.571 0.162 528.678
476.190 0.016 522.981
