0.000 0.473 0.000
47.619 4.243 0.000
95.238 16.248 0.000
142.857 26.546 0.000
190.476 18.527 0.000
238.095 6.396 0.000
285.714 10.245 0.000
333.333 30.620 0.000
380.952 29.485 0.000
428.571 10.644 0.000
476.190 16.123 0.000
523.810 35.397 0.000
571.429 27.868 0.000
619.048 12.854 0.000
666.667 9.663 0.000
714.286 4.953 0.000
761.905 1.031 0.000
809.524 0.083 0.000
857.143 0.003 0.000
904.762 0.000 0.000
952.381 0.000 0.000
1000.000 0.000 0.000
0.000 0.536 23.810
47.619 4.812 23.810
95.238 18.426 23.810
142.857 30.104 23.810
190.476 21.003 23.810
238.095 6.976 23.810
285.714 8.657 23.810
333.333 25.238 23.810
380.952 24.299 23.810
428.571 8.908 23.810
476.190 14.211 23.810
523.810 31.449 23.810
571.429 26.358 23.810
619.048 17.109 23.810
666.667 16.116 23.810
714.286 8.340 23.810
761.905 1.723 23.810
809.524 0.138 23.810
857.143 0.004 23.810
904.762 0.000 23.810
952.381 0.000 23.810
1000.000 0.000 23.810
0.000 0.484 47.619
47.619 4.348 47.619
95.238 16.649 47.619
142.857 27.201 47.619
190.476 18.970 47.619
238.095 6.014 47.619
285.714 4.732 47.619
333.333 12.904 47.619
380.952 12.431 47.619
428.571 4.846 47.619
476.190 8.939 47.619
523.810 19.989 47.619
571.429 19.066 47.619
619.048 18.427 47.619
666.667 19.475 47.619
714.286 9.869 47.619
761.905 1.999 47.619
809.524 0.158 47.619
857.143 0.005 47.619
904.762 0.000 47.619
952.381 0.000 47.619
1000.000 0.000 47.619
0.000 0.349 71.429
47.619 3.130 71.429
95.238 11.987 71.429
142.857 19.583 71.429
190.476 13.654 71.429
238.095 4.183 71.429
285.714 1.808 71.429
333.333 4.157 71.429
380.952 4.068 71.429
428.571 2.114 71.429
476.190 4.687 71.429
523.810 9.762 71.429
571.429 12.324 71.429
619.048 17.952 71.429
666.667 19.047 71.429
714.286 9.011 71.429
761.905 1.734 71.429
809.524 0.133 71.429
857.143 0.004 71.429
904.762 0.000 71.429
952.381 0.000 71.429
1000.000 0.000 71.429
0.000 0.200 95.238
47.619 1.796 95.238
95.238 6.876 95.238
142.857 11.234 95.238
190.476 7.834 95.238
238.095 2.376 95.238
285.714 0.660 95.238
333.333 1.126 95.238
380.952 1.382 95.238
428.571 2.091 95.238
476.190 4.210 95.238
523.810 5.334 95.238
571.429 9.852 95.238
619.048 18.956 95.238
666.667 18.616 95.238
714.286 7.840 95.238
761.905 1.370 95.238
809.524 0.098 95.238
857.143 0.003 95.238
904.762 0.000 95.238
952.381 0.000 95.238
1000.000 0.000 95.238
0.000 0.091 119.048
47.619 0.821 119.048
95.238 3.143 119.048
142.857 5.136 119.048
190.476 3.590 119.048
238.095 1.156 119.048
285.714 0.585 119.048
333.333 1.234 119.048
380.952 2.144 119.048
428.571 4.800 119.048
476.190 8.033 119.048
523.810 5.916 119.048
571.429 10.836 119.048
619.048 22.383 119.048
666.667 20.578 119.048
714.286 7.916 119.048
761.905 1.265 119.048
809.524 0.083 119.048
857.143 0.002 119.048
904.762 0.000 119.048
952.381 0.000 119.048
1000.000 0.000 119.048
0.000 0.033 142.857
47.619 0.299 142.857
95.238 1.145 142.857
142.857 1.872 142.857
190.476 1.333 142.857
238.095 0.636 142.857
285.714 1.221 142.857
333.333 3.154 142.857
380.952 5.398 142.857
428.571 10.142 142.857
476.190 14.999 142.857
523.810 8.928 142.857
571.429 12.572 142.857
619.048 25.654 142.857
666.667 23.056 142.857
714.286 8.755 142.857
761.905 1.404 142.857
809.524 0.085 142.857
857.143 0.002 142.857
904.762 0.000 142.857
952.381 0.000 142.857
1000.000 0.000 142.857
0.000 0.010 166.667
47.619 0.087 166.667
95.238 0.332 166.667
142.857 0.547 166.667
190.476 0.443 166.667
238.095 0.648 166.667
285.714 2.536 166.667
333.333 6.771 166.667
380.952 11.126 166.667
428.571 17.053 166.667
476.190 21.885 166.667
523.810 11.720 166.667
571.429 13.044 166.667
619.048 25.904 166.667
666.667 23.255 166.667
714.286 10.205 166.667
761.905 2.095 166.667
809.524 0.095 166.667
857.143 0.002 166.667
904.762 0.001 166.667
952.381 0.004 166.667
1000.000 0.004 166.667
0.000 0.002 190.476
47.619 0.021 190.476
95.238 0.078 190.476
142.857 0.133 190.476
190.476 0.195 190.476
238.095 0.920 190.476
285.714 4.217 190.476
333.333 11.328 190.476
380.952 18.135 190.476
428.571 23.190 190.476
476.190 24.911 190.476
523.810 12.444 190.476
571.429 12.280 190.476
619.048 23.340 190.476
666.667 21.029 190.476
714.286 14.492 190.476
761.905 4.472 190.476
809.524 0.125 190.476
857.143 0.002 190.476
904.762 0.006 190.476
952.381 0.036 190.476
1000.000 0.034 190.476
0.000 0.003 214.286
47.619 0.017 214.286
95.238 0.023 214.286
142.857 0.033 214.286
190.476 0.155 214.286
238.095 1.163 214.286
285.714 5.515 214.286
333.333 15.177 214.286
380.952 24.789 214.286
428.571 28.041 214.286
476.190 24.155 214.286
523.810 11.698 214.286
571.429 13.000 214.286
619.048 22.429 214.286
666.667 19.241 214.286
714.286 20.755 214.286
761.905 7.750 214.286
809.524 0.162 214.286
857.143 0.003 214.286
904.762 0.034 214.286
952.381 0.209 214.286
1000.000 0.199 214.286
0.000 0.023 238.095
47.619 0.118 238.095
95.238 0.078 238.095
142.857 0.019 238.095
190.476 0.142 238.095
238.095 1.177 238.095
285.714 5.854 238.095
333.333 17.762 238.095
380.952 33.010 238.095
428.571 37.412 238.095
476.190 25.947 238.095
523.810 12.448 238.095
571.429 18.174 238.095
619.048 27.913 238.095
666.667 20.957 238.095
714.286 23.482 238.095
761.905 8.749 238.095
809.524 0.156 238.095
857.143 0.017 238.095
904.762 0.159 238.095
952.381 0.908 238.095
1000.000 0.857 238.095
0.000 0.157 261.905
47.619 0.705 261.905
95.238 0.448 261.905
142.857 0.045 261.905
190.476 0.109 261.905
238.095 0.940 261.905
285.714 5.071 261.905
333.333 17.788 261.905
380.952 38.479 261.905
428.571 46.190 261.905
476.190 29.109 261.905
523.810 14.014 261.905
571.429 24.064 261.905
619.048 35.096 261.905
666.667 24.842 261.905
714.286 25.956 261.905
761.905 9.049 261.905
809.524 0.160 261.905
857.143 0.119 261.905
904.762 0.602 261.905
952.381 2.941 261.905
1000.000 2.733 261.905
0.000 1.059 285.714
47.619 3.338 285.714
95.238 2.014 285.714
142.857 0.200 285.714
190.476 0.070 285.714
238.095 0.580 285.714
285.714 3.334 285.714
333.333 12.498 285.714
380.952 27.639 285.714
428.571 32.870 285.714
476.190 20.072 285.714
523.810 10.892 285.714
571.429 22.152 285.714
619.048 32.467 285.714
666.667 25.394 285.714
714.286 31.904 285.714
761.905 11.094 285.714
809.524 0.336 285.714
857.143 0.625 285.714
904.762 1.915 285.714
952.381 7.216 285.714
1000.000 6.494 285.714
0.000 5.373 309.524
47.619 12.440 309.524
95.238 7.020 309.524
142.857 0.808 309.524
190.476 0.059 309.524
238.095 0.297 309.524
285.714 2.045 309.524
333.333 7.893 309.524
380.952 13.969 309.524
428.571 12.867 309.524
476.190 7.121 309.524
523.810 5.668 309.524
571.429 14.056 309.524
619.048 21.026 309.524
666.667 21.629 309.524
714.286 34.819 309.524
761.905 12.263 309.524
809.524 0.886 309.524
857.143 2.189 309.524
904.762 4.934 309.524
952.381 13.577 309.524
1000.000 11.573 309.524
0.000 13.511 333.333
47.619 27.506 333.333
95.238 14.966 333.333
142.857 1.872 333.333
190.476 0.086 333.333
238.095 0.200 333.333
285.714 2.354 333.333
333.333 10.460 333.333
380.952 14.524 333.333
428.571 8.920 333.333
476.190 2.876 333.333
523.810 4.092 333.333
571.429 9.709 333.333
619.048 12.995 333.333
666.667 17.832 333.333
714.286 30.155 333.333
761.905 10.400 333.333
809.524 1.849 333.333
857.143 4.999 333.333
904.762 9.533 333.333
952.381 19.579 333.333
1000.000 15.519 333.333
0.000 14.403 357.143
47.619 29.256 357.143
95.238 15.907 357.143
142.857 1.992 357.143
190.476 0.085 357.143
238.095 0.236 357.143
285.714 3.786 357.143
333.333 17.893 357.143
380.952 24.815 357.143
428.571 21.763 357.143
476.190 5.336 357.143
523.810 5.103 357.143
571.429 10.566 357.143
619.048 11.414 357.143
666.667 15.168 357.143
714.286 20.912 357.143
761.905 6.773 357.143
809.524 2.652 357.143
857.143 7.389 357.143
904.762 12.915 357.143
952.381 21.203 357.143
1000.000 15.551 357.143
0.000 6.494 380.952
47.619 14.908 380.952
95.238 8.393 380.952
142.857 0.969 380.952
190.476 0.039 380.952
238.095 0.283 380.952
285.714 4.864 380.952
333.333 23.243 380.952
380.952 33.229 380.952
428.571 39.182 380.952
476.190 9.277 380.952
523.810 4.799 380.952
571.429 9.583 380.952
619.048 9.577 380.952
666.667 11.571 380.952
714.286 12.140 380.952
761.905 3.613 380.952
809.524 2.517 380.952
857.143 7.047 380.952
904.762 11.780 380.952
952.381 16.681 380.952
1000.000 11.450 380.952
0.000 1.435 404.762
47.619 4.452 404.762
95.238 2.678 404.762
142.857 0.261 404.762
190.476 0.011 404.762
238.095 0.252 404.762
285.714 4.396 404.762
333.333 21.045 404.762
380.952 29.845 404.762
428.571 33.019 404.762
476.190 7.414 404.762
523.810 2.589 404.762
571.429 5.115 404.762
619.048 5.278 404.762
666.667 7.030 404.762
714.286 6.267 404.762
761.905 2.342 404.762
809.524 1.673 404.762
857.143 4.334 404.762
904.762 7.089 404.762
952.381 9.236 404.762
1000.000 6.066 404.762
0.000 0.234 428.571
47.619 1.038 428.571
95.238 0.658 428.571
142.857 0.055 428.571
190.476 0.003 428.571
238.095 0.157 428.571
285.714 2.744 428.571
333.333 13.141 428.571
380.952 17.938 428.571
428.571 13.365 428.571
476.190 2.600 428.571
523.810 0.774 428.571
571.429 1.521 428.571
619.048 1.851 428.571
666.667 3.405 428.571
714.286 3.424 428.571
761.905 5.090 428.571
809.524 1.396 428.571
857.143 1.720 428.571
904.762 2.788 428.571
952.381 3.524 428.571
1000.000 2.274 428.571
0.000 0.038 452.381
47.619 0.193 452.381
95.238 0.124 452.381
142.857 0.010 452.381
190.476 0.001 452.381
238.095 0.068 452.381
285.714 1.180 452.381
333.333 5.650 452.381
380.952 7.498 452.381
428.571 3.510 452.381
476.190 0.503 452.381
523.810 0.129 452.381
571.429 0.254 452.381
619.048 0.485 452.381
666.667 1.394 452.381
714.286 3.209 452.381
761.905 15.237 452.381
809.524 2.789 452.381
857.143 0.450 452.381
904.762 0.715 452.381
952.381 0.919 452.381
1000.000 0.599 452.381
0.000 0.005 476.190
47.619 0.025 476.190
95.238 0.016 476.190
142.857 0.001 476.190
190.476 0.000 476.190
238.095 0.020 476.190
285.714 0.349 476.190
333.333 1.673 476.190
380.952 2.199 476.190
428.571 0.828 476.190
476.190 0.090 476.190
523.810 0.013 476.190
571.429 0.026 476.190
619.048 0.124 476.190
666.667 0.501 476.190
714.286 4.462 476.190
761.905 29.550 476.190
809.524 5.190 476.190
857.143 0.094 476.190
904.762 0.120 476.190
952.381 0.165 476.190
1000.000 0.111 476.190
0.000 0.000 500.000
47.619 0.002 500.000
95.238 0.001 500.000
142.857 0.000 500.000
190.476 0.000 500.000
238.095 0.004 500.000
285.714 0.071 500.000
333.333 0.341 500.000
380.952 0.447 500.000
428.571 0.162 500.000
476.190 0.016 500.000
523.810 0.001 500.000
571.429 0.002 500.000
619.048 0.033 500.000
666.667 0.161 500.000
714.286 4.788 500.000
761.905 33.918 500.000
809.524 5.939 500.000
857.143 0.033 500.000
904.762 0.013 500.000
952.381 0.021 500.000
1000.000 0.015 500.000
