0.000 0.002 0.000
47.619 0.002 0.000
95.238 0.002 0.000
142.857 0.001 0.000
190.476 0.000 0.000
238.095 0.001 0.000
285.714 0.001 0.000
333.333 0.002 0.000
380.952 0.085 0.000
428.571 6.153 0.000
476.190 5.471 0.000
523.810 0.059 0.000
571.429 0.000 0.000
619.048 0.000 0.000
666.667 0.000 0.000
714.286 0.000 0.000
761.905 0.001 0.000
809.524 0.031 0.000
857.143 0.792 0.000
904.762 4.234 0.000
952.381 4.103 0.000
1000.000 0.710 0.000
0.000 0.020 23.810
47.619 0.022 23.810
95.238 0.016 23.810
142.857 0.007 23.810
190.476 0.003 23.810
238.095 0.003 23.810
285.714 0.008 23.810
333.333 0.010 23.810
380.952 0.204 23.810
428.571 14.558 23.810
476.190 12.945 23.810
523.810 0.139 23.810
571.429 0.000 23.810
619.048 0.000 23.810
666.667 0.000 23.810
714.286 0.000 23.810
761.905 0.002 23.810
809.524 0.082 23.810
857.143 1.826 23.810
904.762 9.556 23.810
952.381 9.224 23.810
1000.000 1.596 23.810
0.000 0.148 47.619
47.619 0.164 47.619
95.238 0.115 47.619
142.857 0.053 47.619
190.476 0.018 47.619
238.095 0.017 47.619
285.714 0.039 47.619
333.333 0.048 47.619
380.952 0.320 47.619
428.571 21.596 47.619
476.190 19.199 47.619
523.810 0.207 47.619
571.429 0.000 47.619
619.048 0.000 47.619
666.667 0.000 47.619
714.286 0.000 47.619
761.905 0.009 47.619
809.524 0.194 47.619
857.143 3.332 47.619
904.762 16.596 47.619
952.381 15.870 47.619
1000.000 2.742 47.619
0.000 0.812 71.429
47.619 0.898 71.429
95.238 0.628 71.429
142.857 0.289 71.429
190.476 0.094 71.429
238.095 0.073 71.429
285.714 0.163 71.429
333.333 0.199 71.429
380.952 0.383 71.429
428.571 20.098 71.429
476.190 17.851 71.429
523.810 0.192 71.429
571.429 0.000 71.429
619.048 0.000 71.429
666.667 0.000 71.429
714.286 0.001 71.429
761.905 0.027 71.429
809.524 0.442 71.429
857.143 5.076 71.429
904.762 22.549 71.429
952.381 21.055 71.429
1000.000 3.624 71.429
0.000 3.321 95.238
47.619 3.684 95.238
95.238 2.582 95.238
142.857 1.192 95.238
190.476 0.383 95.238
238.095 0.265 95.238
285.714 0.567 95.238
333.333 0.691 95.238
380.952 0.539 95.238
428.571 11.790 95.238
476.190 10.411 95.238
523.810 0.113 95.238
571.429 0.000 95.238
619.048 0.000 95.238
666.667 0.000 95.238
714.286 0.002 95.238
761.905 0.072 95.238
809.524 0.979 95.238
857.143 7.152 95.238
904.762 25.082 95.238
952.381 22.026 95.238
1000.000 3.752 95.238
0.000 10.109 119.048
47.619 11.298 119.048
95.238 7.994 119.048
142.857 3.721 119.048
190.476 1.193 119.048
238.095 0.784 119.048
285.714 1.646 119.048
333.333 2.005 119.048
380.952 1.160 119.048
428.571 4.543 119.048
476.190 3.829 119.048
523.810 0.042 119.048
571.429 0.000 119.048
619.048 0.000 119.048
666.667 0.000 119.048
714.286 0.004 119.048
761.905 0.163 119.048
809.524 2.026 119.048
857.143 10.438 119.048
904.762 25.417 119.048
952.381 19.369 119.048
1000.000 3.212 119.048
0.000 22.913 142.857
47.619 25.938 142.857
95.238 18.649 142.857
142.857 8.799 142.857
190.476 2.846 142.857
238.095 1.893 142.857
285.714 3.990 142.857
333.333 4.860 142.857
380.952 2.685 142.857
428.571 1.634 142.857
476.190 0.942 142.857
523.810 0.013 142.857
571.429 0.000 142.857
619.048 0.000 142.857
666.667 0.000 142.857
714.286 0.009 142.857
761.905 0.307 142.857
809.524 3.708 142.857
857.143 15.952 142.857
904.762 27.402 142.857
952.381 16.533 142.857
1000.000 2.594 142.857
0.000 38.720 166.667
47.619 44.651 166.667
95.238 32.821 166.667
142.857 15.773 166.667
190.476 5.203 166.667
238.095 3.739 166.667
285.714 8.073 166.667
333.333 9.843 166.667
380.952 5.412 166.667
428.571 1.469 166.667
476.190 0.270 166.667
523.810 0.008 166.667
571.429 0.000 166.667
619.048 0.000 166.667
666.667 0.001 166.667
714.286 0.022 166.667
761.905 0.489 166.667
809.524 5.802 166.667
857.143 23.337 166.667
904.762 33.004 166.667
952.381 16.097 166.667
1000.000 2.361 166.667
0.000 48.869 190.476
47.619 57.759 190.476
95.238 43.663 190.476
142.857 21.461 190.476
190.476 7.310 190.476
238.095 6.066 190.476
285.714 13.633 190.476
333.333 16.653 190.476
380.952 9.155 190.476
428.571 2.260 190.476
476.190 0.258 190.476
523.810 0.012 190.476
571.429 0.000 190.476
619.048 0.000 190.476
666.667 0.027 190.476
714.286 0.241 190.476
761.905 0.755 190.476
809.524 7.657 190.476
857.143 30.160 190.476
904.762 39.746 190.476
952.381 17.483 190.476
1000.000 2.463 190.476
0.000 46.182 214.286
47.619 56.305 214.286
95.238 44.011 214.286
142.857 22.196 214.286
190.476 7.943 214.286
238.095 8.153 214.286
285.714 19.227 214.286
333.333 23.537 214.286
380.952 12.940 214.286
428.571 3.178 214.286
476.190 0.349 214.286
523.810 0.017 214.286
571.429 0.000 214.286
619.048 0.002 214.286
666.667 0.292 214.286
714.286 2.444 214.286
761.905 1.947 214.286
809.524 8.504 214.286
857.143 33.178 214.286
904.762 42.865 214.286
952.381 18.253 214.286
1000.000 2.536 214.286
0.000 32.785 238.095
47.619 41.507 238.095
95.238 33.694 238.095
142.857 17.479 238.095
190.476 6.759 238.095
238.095 9.160 238.095
285.714 22.657 238.095
333.333 27.791 238.095
380.952 15.280 238.095
428.571 3.751 238.095
476.190 0.411 238.095
523.810 0.020 238.095
571.429 0.000 238.095
619.048 0.010 238.095
666.667 1.360 238.095
714.286 11.302 238.095
761.905 6.416 238.095
809.524 8.018 238.095
857.143 30.679 238.095
904.762 39.448 238.095
952.381 16.663 238.095
1000.000 2.307 238.095
0.000 17.562 261.905
47.619 23.233 261.905
95.238 19.643 261.905
142.857 10.501 261.905
190.476 4.602 261.905
238.095 8.665 261.905
285.714 22.313 261.905
333.333 27.414 261.905
380.952 15.074 261.905
428.571 3.701 261.905
476.190 0.406 261.905
523.810 0.020 261.905
571.429 0.000 261.905
619.048 0.020 261.905
666.667 2.714 261.905
714.286 22.537 261.905
761.905 12.004 261.905
809.524 6.433 261.905
857.143 23.761 261.905
904.762 30.520 261.905
952.381 12.869 261.905
1000.000 1.780 261.905
0.000 7.163 285.714
47.619 9.939 285.714
95.238 8.749 285.714
142.857 4.828 285.714
190.476 2.598 285.714
238.095 6.925 285.714
285.714 18.368 285.714
333.333 22.593 285.714
380.952 12.424 285.714
428.571 3.051 285.714
476.190 0.335 285.714
523.810 0.016 285.714
571.429 0.000 285.714
619.048 0.017 285.714
666.667 2.323 285.714
714.286 19.290 285.714
761.905 10.170 285.714
809.524 4.244 285.714
857.143 15.399 285.714
904.762 19.776 285.714
952.381 8.336 285.714
1000.000 1.153 285.714
0.000 2.379 309.524
47.619 3.383 309.524
95.238 3.025 309.524
142.857 1.714 309.524
190.476 1.277 309.524
238.095 4.680 309.524
285.714 12.660 309.524
333.333 15.602 309.524
380.952 8.601 309.524
428.571 2.125 309.524
476.190 0.238 309.524
523.810 0.013 309.524
571.429 0.000 309.524
619.048 0.006 309.524
666.667 0.853 309.524
714.286 7.084 309.524
761.905 3.792 309.524
809.524 2.247 309.524
857.143 8.350 309.524
904.762 10.722 309.524
952.381 4.519 309.524
1000.000 0.625 309.524
0.000 1.206 333.333
47.619 1.399 333.333
95.238 0.983 333.333
142.857 0.501 333.333
190.476 0.582 333.333
238.095 2.747 333.333
285.714 7.683 333.333
333.333 9.822 333.333
380.952 5.691 333.333
428.571 1.555 333.333
476.190 0.229 333.333
523.810 0.023 333.333
571.429 0.002 333.333
619.048 0.001 333.333
666.667 0.134 333.333
714.286 1.117 333.333
761.905 0.650 333.333
809.524 0.986 333.333
857.143 3.787 333.333
904.762 4.864 333.333
952.381 2.050 333.333
1000.000 0.284 333.333
0.000 2.269 357.143
47.619 2.032 357.143
95.238 0.819 357.143
142.857 0.206 357.143
190.476 0.318 357.143
238.095 2.012 357.143
285.714 7.350 357.143
333.333 12.504 357.143
380.952 9.129 357.143
428.571 3.280 357.143
476.190 0.760 357.143
523.810 0.117 357.143
571.429 0.011 357.143
619.048 0.001 357.143
666.667 0.009 357.143
714.286 0.076 357.143
761.905 0.069 357.143
809.524 0.369 357.143
857.143 1.437 357.143
904.762 1.846 357.143
952.381 0.778 357.143
1000.000 0.108 357.143
0.000 5.605 380.952
47.619 4.850 380.952
95.238 1.734 380.952
142.857 0.290 380.952
190.476 0.415 380.952
238.095 3.555 380.952
285.714 17.507 380.952
333.333 36.043 380.952
380.952 28.928 380.952
428.571 11.149 380.952
476.190 2.794 380.952
523.810 0.453 380.952
571.429 0.042 380.952
619.048 0.002 380.952
666.667 0.000 380.952
714.286 0.002 380.952
761.905 0.011 380.952
809.524 0.117 380.952
857.143 0.456 380.952
904.762 0.586 380.952
952.381 0.247 380.952
1000.000 0.034 380.952
0.000 11.622 404.762
47.619 10.033 404.762
95.238 3.558 404.762
142.857 0.568 404.762
190.476 0.724 404.762
238.095 6.118 404.762
285.714 29.991 404.762
333.333 62.862 404.762
380.952 53.381 404.762
428.571 22.597 404.762
476.190 6.063 404.762
523.810 1.003 404.762
571.429 0.093 404.762
619.048 0.005 404.762
666.667 0.000 404.762
714.286 0.000 404.762
761.905 0.003 404.762
809.524 0.031 404.762
857.143 0.121 404.762
904.762 0.156 404.762
952.381 0.066 404.762
1000.000 0.009 404.762
0.000 19.503 428.571
47.619 16.835 428.571
95.238 5.966 428.571
142.857 0.927 428.571
190.476 0.837 428.571
238.095 6.132 428.571
285.714 26.795 428.571
333.333 55.210 428.571
380.952 51.505 428.571
428.571 25.282 428.571
476.190 7.392 428.571
523.810 1.247 428.571
571.429 0.116 428.571
619.048 0.006 428.571
666.667 0.000 428.571
714.286 0.000 428.571
761.905 0.001 428.571
809.524 0.007 428.571
857.143 0.027 428.571
904.762 0.035 428.571
952.381 0.015 428.571
1000.000 0.002 428.571
0.000 26.435 452.381
47.619 22.819 452.381
95.238 8.085 452.381
142.857 1.216 452.381
190.476 0.595 452.381
238.095 3.722 452.381
285.714 14.532 452.381
333.333 29.296 452.381
380.952 29.953 452.381
428.571 16.518 452.381
476.190 5.103 452.381
523.810 0.870 452.381
571.429 0.081 452.381
619.048 0.004 452.381
666.667 0.000 452.381
714.286 0.000 452.381
761.905 0.000 452.381
809.524 0.001 452.381
857.143 0.005 452.381
904.762 0.006 452.381
952.381 0.003 452.381
1000.000 0.000 452.381
0.000 28.937 476.190
47.619 24.978 476.190
95.238 8.849 476.190
142.857 1.302 476.190
190.476 0.279 476.190
238.095 1.388 476.190
285.714 5.153 476.190
333.333 10.278 476.190
380.952 10.958 476.190
428.571 6.327 476.190
476.190 1.993 476.190
523.810 0.341 476.190
571.429 0.032 476.190
619.048 0.002 476.190
666.667 0.000 476.190
714.286 0.000 476.190
761.905 0.000 476.190
809.524 0.000 476.190
857.143 0.001 476.190
904.762 0.001 476.190
952.381 0.000 476.190
1000.000 0.000 476.190
0.000 25.581 500.000
47.619 22.081 500.000
95.238 7.822 500.000
142.857 1.141 500.000
190.476 0.112 500.000
238.095 0.303 500.000
285.714 1.109 500.000
333.333 2.207 500.000
380.952 2.376 500.000
428.571 1.385 500.000
476.190 0.438 500.000
523.810 0.075 500.000
571.429 0.007 500.000
619.048 0.000 500.000
666.667 0.000 500.000
714.286 0.000 500.000
761.905 0.000 500.000
809.524 0.000 500.000
857.143 0.000 500.000
904.762 0.000 500.000
952.381 0.000 500.000
1000.000 0.000 500.000
