0.000 17.211 0.000
47.619 25.157 0.000
95.238 8.175 0.000
142.857 0.591 0.000
190.476 0.010 0.000
238.095 0.000 0.000
285.714 0.000 0.000
333.333 0.001 0.000
380.952 0.015 0.000
428.571 0.087 0.000
476.190 0.267 0.000
523.810 0.423 0.000
571.429 0.347 0.000
619.048 0.148 0.000
666.667 0.033 0.000
714.286 0.004 0.000
761.905 0.000 0.000
809.524 0.000 0.000
857.143 0.000 0.000
904.762 0.000 0.000
952.381 0.001 0.000
1000.000 0.005 0.000
0.000 22.861 23.810
47.619 33.417 23.810
95.238 10.860 23.810
142.857 0.785 23.810
190.476 0.014 23.810
238.095 0.001 23.810
285.714 0.000 23.810
333.333 0.004 23.810
380.952 0.043 23.810
428.571 0.253 23.810
476.190 0.774 23.810
523.810 1.229 23.810
571.429 1.009 23.810
619.048 0.429 23.810
666.667 0.094 23.810
714.286 0.011 23.810
761.905 0.001 23.810
809.524 0.000 23.810
857.143 0.000 23.810
904.762 0.000 23.810
952.381 0.018 23.810
1000.000 0.059 23.810
0.000 22.966 47.619
47.619 33.570 47.619
95.238 10.914 47.619
142.857 0.801 47.619
190.476 0.030 47.619
238.095 0.011 47.619
285.714 0.004 47.619
333.333 0.010 47.619
380.952 0.107 47.619
428.571 0.636 47.619
476.190 1.950 47.619
523.810 3.097 47.619
571.429 2.545 47.619
619.048 1.082 47.619
666.667 0.238 47.619
714.286 0.027 47.619
761.905 0.002 47.619
809.524 0.000 47.619
857.143 0.000 47.619
904.762 0.002 47.619
952.381 0.157 47.619
1000.000 0.512 47.619
0.000 17.448 71.429
47.619 25.513 71.429
95.238 8.341 71.429
142.857 0.741 71.429
190.476 0.198 71.429
238.095 0.125 71.429
285.714 0.042 71.429
333.333 0.027 71.429
380.952 0.235 71.429
428.571 1.389 71.429
476.190 4.269 71.429
523.810 6.788 71.429
571.429 5.581 71.429
619.048 2.371 71.429
666.667 0.521 71.429
714.286 0.059 71.429
761.905 0.003 71.429
809.524 0.000 71.429
857.143 0.000 71.429
904.762 0.010 71.429
952.381 0.887 71.429
1000.000 2.901 71.429
0.000 10.031 95.238
47.619 14.722 95.238
95.238 5.128 95.238
142.857 1.313 95.238
190.476 1.289 95.238
238.095 0.851 95.238
285.714 0.284 95.238
333.333 0.085 95.238
380.952 0.448 95.238
428.571 2.640 95.238
476.190 8.137 95.238
523.810 12.972 95.238
571.429 10.677 95.238
619.048 4.534 95.238
666.667 0.994 95.238
714.286 0.113 95.238
761.905 0.007 95.238
809.524 0.000 95.238
857.143 0.000 95.238
904.762 0.038 95.238
952.381 3.296 95.238
1000.000 10.785 95.238
0.000 4.383 119.048
47.619 6.655 119.048
95.238 3.596 119.048
142.857 4.194 119.048
190.476 5.360 119.048
238.095 3.550 119.048
285.714 1.179 119.048
333.333 0.259 119.048
380.952 0.747 119.048
428.571 4.374 119.048
476.190 13.561 119.048
523.810 21.725 119.048
571.429 17.920 119.048
619.048 7.601 119.048
666.667 1.660 119.048
714.286 0.187 119.048
761.905 0.011 119.048
809.524 0.000 119.048
857.143 0.000 119.048
904.762 0.093 119.048
952.381 8.042 119.048
1000.000 26.311 119.048
0.000 1.501 142.857
47.619 2.830 142.857
95.238 4.588 142.857
142.857 10.401 142.857
190.476 13.713 142.857
238.095 9.086 142.857
285.714 3.015 142.857
333.333 0.590 142.857
380.952 1.092 142.857
428.571 6.348 142.857
476.190 19.888 142.857
523.810 32.128 142.857
571.429 26.605 142.857
619.048 11.274 142.857
666.667 2.452 142.857
714.286 0.275 142.857
761.905 0.016 142.857
809.524 0.000 142.857
857.143 0.000 142.857
904.762 0.148 142.857
952.381 12.876 142.857
1000.000 42.125 142.857
0.000 0.465 166.667
47.619 1.678 166.667
95.238 6.303 166.667
142.857 16.259 166.667
190.476 21.521 166.667
238.095 14.259 166.667
285.714 4.731 166.667
333.333 0.896 166.667
380.952 1.388 166.667
428.571 8.127 166.667
476.190 25.900 166.667
523.810 42.412 166.667
571.429 35.368 166.667
619.048 15.003 166.667
666.667 3.254 166.667
714.286 0.362 166.667
761.905 0.021 166.667
809.524 0.001 166.667
857.143 0.000 166.667
904.762 0.156 166.667
952.381 13.528 166.667
1000.000 44.258 166.667
0.000 0.172 190.476
47.619 1.213 190.476
95.238 5.935 190.476
142.857 15.637 190.476
190.476 20.712 190.476
238.095 13.723 190.476
285.714 4.553 190.476
333.333 0.879 190.476
380.952 1.533 190.476
428.571 9.261 190.476
476.190 30.296 190.476
523.810 50.629 190.476
571.429 42.748 190.476
619.048 18.289 190.476
666.667 4.003 190.476
714.286 0.447 190.476
761.905 0.025 190.476
809.524 0.001 190.476
857.143 0.000 190.476
904.762 0.107 190.476
952.381 9.327 190.476
1000.000 30.516 190.476
0.000 0.072 214.286
47.619 0.672 214.286
95.238 3.488 214.286
142.857 9.227 214.286
190.476 12.223 214.286
238.095 8.098 214.286
285.714 2.690 214.286
333.333 0.600 214.286
380.952 1.502 214.286
428.571 9.495 214.286
476.190 32.199 214.286
523.810 55.325 214.286
571.429 47.752 214.286
619.048 21.023 214.286
666.667 4.802 214.286
714.286 0.554 214.286
761.905 0.031 214.286
809.524 0.001 214.286
857.143 0.000 214.286
904.762 0.049 214.286
952.381 4.221 214.286
1000.000 13.809 214.286
0.000 0.024 238.095
47.619 0.240 238.095
95.238 1.262 238.095
142.857 3.340 238.095
190.476 4.424 238.095
238.095 2.931 238.095
285.714 0.991 238.095
333.333 0.660 238.095
380.952 1.448 238.095
428.571 8.840 238.095
476.190 31.329 238.095
523.810 55.772 238.095
571.429 50.068 238.095
619.048 23.639 238.095
666.667 5.977 238.095
714.286 0.748 238.095
761.905 0.042 238.095
809.524 0.001 238.095
857.143 0.000 238.095
904.762 0.015 238.095
952.381 1.260 238.095
1000.000 4.112 238.095
0.000 0.005 261.905
47.619 0.054 261.905
95.238 0.289 261.905
142.857 0.767 261.905
190.476 1.011 261.905
238.095 0.664 261.905
285.714 0.323 261.905
333.333 2.684 261.905
380.952 1.989 261.905
428.571 7.508 261.905
476.190 27.927 261.905
523.810 51.980 261.905
571.429 50.044 261.905
619.048 26.972 261.905
666.667 7.997 261.905
714.286 1.113 261.905
761.905 0.063 261.905
809.524 0.001 261.905
857.143 0.000 261.905
904.762 0.003 261.905
952.381 0.275 261.905
1000.000 0.859 261.905
0.000 0.002 285.714
47.619 0.027 285.714
95.238 0.164 285.714
142.857 0.443 285.714
190.476 0.517 285.714
238.095 0.267 285.714
285.714 0.465 285.714
333.333 10.163 285.714
380.952 4.505 285.714
428.571 5.811 285.714
476.190 22.695 285.714
523.810 44.909 285.714
571.429 48.662 285.714
619.048 31.797 285.714
666.667 11.191 285.714
714.286 1.706 285.714
761.905 0.100 285.714
809.524 0.002 285.714
857.143 0.000 285.714
904.762 0.002 285.714
952.381 0.155 285.714
1000.000 0.342 285.714
0.000 0.009 309.524
47.619 0.143 309.524
95.238 0.934 309.524
142.857 2.527 309.524
190.476 2.834 309.524
238.095 1.319 309.524
285.714 1.213 309.524
333.333 24.277 309.524
380.952 9.498 309.524
428.571 4.080 309.524
476.190 16.793 309.524
523.810 36.634 309.524
571.429 47.290 309.524
619.048 38.091 309.524
666.667 15.335 309.524
714.286 2.477 309.524
761.905 0.147 309.524
809.524 0.003 309.524
857.143 0.000 309.524
904.762 0.005 309.524
952.381 0.411 309.524
1000.000 0.798 309.524
0.000 0.038 333.333
47.619 0.595 333.333
95.238 3.887 333.333
142.857 10.519 333.333
190.476 11.792 333.333
238.095 5.476 333.333
285.714 2.455 333.333
333.333 35.558 333.333
380.952 13.475 333.333
428.571 2.591 333.333
476.190 11.573 333.333
523.810 29.787 333.333
571.429 46.950 333.333
619.048 44.428 333.333
666.667 19.404 333.333
714.286 3.236 333.333
761.905 0.194 333.333
809.524 0.004 333.333
857.143 0.000 333.333
904.762 0.014 333.333
952.381 1.122 333.333
1000.000 2.168 333.333
0.000 0.089 357.143
47.619 1.408 357.143
95.238 9.201 357.143
142.857 24.902 357.143
190.476 27.914 357.143
238.095 12.961 357.143
285.714 3.745 357.143
333.333 31.890 357.143
380.952 11.937 357.143
428.571 1.497 357.143
476.190 8.037 357.143
523.810 26.277 357.143
571.429 47.542 357.143
619.048 48.267 357.143
666.667 21.876 357.143
714.286 3.705 357.143
761.905 0.224 357.143
809.524 0.005 357.143
857.143 0.000 357.143
904.762 0.032 357.143
952.381 2.561 357.143
1000.000 4.948 357.143
0.000 0.120 380.952
47.619 1.889 380.952
95.238 12.344 380.952
142.857 33.410 380.952
190.476 37.452 380.952
238.095 17.389 380.952
285.714 4.027 380.952
333.333 17.553 380.952
380.952 6.505 380.952
428.571 0.825 380.952
476.190 6.376 380.952
523.810 26.126 380.952
571.429 47.739 380.952
619.048 47.348 380.952
666.667 21.569 380.952
714.286 3.677 380.952
761.905 0.222 380.952
809.524 0.005 380.952
857.143 0.000 380.952
904.762 0.061 380.952
952.381 4.864 380.952
1000.000 9.396 380.952
0.000 0.091 404.762
47.619 1.436 404.762
95.238 9.387 404.762
142.857 25.406 404.762
190.476 28.479 404.762
238.095 13.222 404.762
285.714 2.770 404.762
333.333 5.960 404.762
380.952 2.176 404.762
428.571 0.492 404.762
476.190 5.954 404.762
523.810 27.343 404.762
571.429 45.723 404.762
619.048 41.216 404.762
666.667 18.432 404.762
714.286 3.145 404.762
761.905 0.191 404.762
809.524 0.004 404.762
857.143 0.000 404.762
904.762 0.096 404.762
952.381 7.682 404.762
1000.000 14.841 404.762
0.000 0.039 428.571
47.619 0.619 428.571
95.238 4.045 428.571
142.857 10.949 428.571
190.476 12.274 428.571
238.095 5.698 428.571
285.714 1.142 428.571
333.333 1.258 428.571
380.952 0.450 428.571
428.571 0.350 428.571
476.190 5.778 428.571
523.810 27.146 428.571
571.429 40.297 428.571
619.048 31.573 428.571
666.667 13.595 428.571
714.286 2.314 428.571
761.905 0.140 428.571
809.524 0.003 428.571
857.143 0.000 428.571
904.762 0.127 428.571
952.381 10.094 428.571
1000.000 19.500 428.571
0.000 0.010 452.381
47.619 0.151 452.381
95.238 0.988 452.381
142.857 2.674 452.381
190.476 2.998 452.381
238.095 1.392 452.381
285.714 0.273 452.381
333.333 0.167 452.381
380.952 0.060 452.381
428.571 0.271 452.381
476.190 5.128 452.381
523.810 23.832 452.381
571.429 31.746 452.381
619.048 21.197 452.381
666.667 8.639 452.381
714.286 1.462 452.381
761.905 0.089 452.381
809.524 0.002 452.381
857.143 0.000 452.381
904.762 0.138 452.381
952.381 11.033 452.381
1000.000 21.313 452.381
0.000 0.001 476.190
47.619 0.021 476.190
95.238 0.137 476.190
142.857 0.370 476.190
190.476 0.415 476.190
238.095 0.193 476.190
285.714 0.037 476.190
333.333 0.014 476.190
380.952 0.007 476.190
428.571 0.198 476.190
476.190 3.906 476.190
523.810 17.864 476.190
571.429 21.855 476.190
619.048 12.433 476.190
666.667 4.726 476.190
714.286 0.794 476.190
761.905 0.048 476.190
809.524 0.001 476.190
857.143 0.000 476.190
904.762 0.126 476.190
952.381 10.031 476.190
1000.000 19.378 476.190
0.000 0.000 500.000
47.619 0.002 500.000
95.238 0.011 500.000
142.857 0.029 500.000
190.476 0.033 500.000
238.095 0.015 500.000
285.714 0.003 500.000
333.333 0.001 500.000
380.952 0.002 500.000
428.571 0.125 500.000
476.190 2.493 500.000
523.810 11.247 500.000
571.429 12.924 500.000
619.048 6.346 500.000
666.667 2.225 500.000
714.286 0.370 500.000
761.905 0.022 500.000
809.524 0.000 500.000
857.143 0.000 500.000
904.762 0.095 500.000
952.381 7.586 500.000
1000.000 14.655 500.000
