-274.44350719451904 -260.2945804595947 -274.3642330169678
-2.799825929105282 275.858736038208 -2.818944863975048
282.302188873291 -275.1035690307617 -280.5950403213501
2.8296733275055885 275.8607864379883 -2.644101344048977
-284.5468997955322 -288.93792629241943 292.61634349823
-2.685479447245598 275.91867446899414 2.7545325458049774
280.2272081375122 -282.4471712112427 267.4239158630371
2.5947825983166695 275.8967876434326 2.8118202462792397
222.52929210662842 -301.987624168396 -285.71879863739014
196.1825132369995 -283.48801136016846 -270.7214117050171
131.29544258117676 -281.3789129257202 -266.36714935302734
89.63330388069153 -252.7451753616333 -273.0499505996704
2.144787088036537 -264.81213569641113 -286.81209087371826
-29.92311120033264 -280.00597953796387 -290.36500453948975
-58.262354135513306 -289.0043258666992 -257.69686698913574
-107.56019353866577 -290.66593647003174 -280.5050849914551
-178.80499362945557 -272.4778175354004 -288.5647773742676
-219.59741115570068 -287.35485076904297 -286.40947341918945
-238.08317184448242 -231.19139671325684 -248.94695281982422
-240.03522396087646 -191.1259651184082 -233.8369607925415
-192.9355502128601 -125.48156976699829 -193.3616280555725
-193.88562440872192 -87.98295259475708 -179.4491171836853
-141.60640239715576 -13.374775648117065 -175.92222690582275
-141.64423942565918 18.534062802791595 -125.38836002349854
-121.45638465881348 87.60607242584229 -100.65467357635498
-84.61726903915405 102.29415893554688 -66.85153841972351
-62.676793336868286 170.5500364303589 -47.336819767951965
-33.1806480884552 222.64375686645508 -21.266967058181763
-2.184690721333027 275.87451934814453 -2.8093304485082626
-1.6759604215621948 275.8650541305542 -2.8160177171230316
-1.1823313310742378 275.8378744125366 -2.831551432609558
-0.6913643330335617 275.8291721343994 -2.847655862569809
-0.18972649704664946 275.82879066467285 -2.866221033036709
0.3345040138810873 275.8429527282715 -2.8830723837018013
0.8322799578309059 275.8536100387573 -2.8982825577259064
1.3492876663804054 275.8512020111084 -2.8948355466127396
1.86250451952219 275.8504867553711 -2.8722940012812614
2.368735894560814 275.858736038208 -2.8480084612965584
17.131666839122772 245.1885461807251 -42.39770174026489
49.118077754974365 196.98848724365234 -54.145777225494385
53.752779960632324 119.32123899459839 -87.7711296081543
102.74683237075806 57.95642137527466 -114.8412823677063
131.03867769241333 29.614970088005066 -103.90337705612183
154.77792024612427 -20.935872197151184 -157.52981901168823
177.85295248031616 -83.42434167861938 -187.85747289657593
218.9124345779419 -128.1874418258667 -198.58264923095703
235.85138320922852 -182.8525185585022 -228.71906757354736
256.94217681884766 -250.24867057800293 -244.4967746734619
273.4732389450073 -282.14404582977295 235.32540798187256
268.01905632019043 -271.727991104126 189.96824026107788
283.39409828186035 -279.84228134155273 112.33326196670532
289.3105745315552 -276.48842334747314 81.40303492546082
286.2256050109863 -285.2226257324219 27.15889811515808
285.48622131347656 -265.76735973358154 -22.731512784957886
286.9893789291382 -268.6317205429077 -74.59863424301147
265.7161474227905 -270.43190002441406 -118.14314126968384
288.2953643798828 -273.57850074768066 -171.16384506225586
280.021595954895 -291.2041664123535 -212.62152194976807
2.81469002366066 275.8565425872803 -2.1286195144057274
2.807988040149212 275.854754447937 -1.5980621799826622
2.797810919582844 275.85787773132324 -1.0992607101798058
2.772456593811512 275.86328983306885 -0.6086441688239574
2.7673065662384033 275.86448192596436 -0.11743291979655623
2.7479808777570724 275.881028175354 0.38604026194661856
2.7413783594965935 275.89664459228516 0.9034609422087669
2.764984220266342 275.9077310562134 1.4195083640515804
2.781408280134201 275.9169101715088 1.9189050421118736
2.7947641909122467 275.9190320968628 2.4190984666347504
52.276694774627686 209.66436862945557 5.842318385839462
51.586103439331055 168.12503337860107 53.71665954589844
77.26936936378479 132.98581838607788 63.49676847457886
99.38659071922302 77.80946493148804 88.33213448524475
132.21652507781982 36.401015520095825 103.54124307632446
129.8090934753418 -34.28095579147339 161.77573204040527
187.84717321395874 -59.4157338142395 174.20393228530884
200.10640621185303 -113.22991847991943 198.51256608963013
229.6405553817749 -154.6249508857727 219.8216676712036
226.41730308532715 -248.82380962371826 263.2107734680176
-204.46267127990723 -265.89581966400146 278.91950607299805
-185.83502769470215 -267.1307325363159 265.9364938735962
-125.9515643119812 -280.10926246643066 278.03728580474854
-64.5402193069458 -256.2223434448242 277.4998426437378
-30.16444742679596 -267.2808647155762 273.1853485107422
34.132176637649536 -284.6322774887085 288.71147632598877
77.63398289680481 -272.9860544204712 289.2230272293091
119.03436183929443 -277.34501361846924 281.59258365631104
190.7086968421936 -279.4348955154419 279.1416645050049
199.8643159866333 -272.10283279418945 291.83547496795654
2.1087568253278732 275.9075880050659 2.7983197942376137
1.623597927391529 275.9056568145752 2.790365368127823
1.1429106816649437 275.88796615600586 2.7702108025550842
0.6468565203249454 275.86493492126465 2.731693536043167
0.1702838926576078 275.86255073547363 2.7068473398685455
-0.3145389258861542 275.8782625198364 2.7033569291234016
-0.7839338853955269 275.8913278579712 2.6903564110398293
-1.2797331437468529 275.8979797363281 2.6752881705760956
-1.777445338666439 275.89826583862305 2.68794484436512
-2.2673968225717545 275.9133815765381 2.673841640353203
-34.22652781009674 229.23142910003662 21.813635528087616
-53.75143885612488 165.66706895828247 48.27134907245636
-79.10340428352356 117.76590347290039 97.46823906898499
-93.6161756515503 75.86320638656616 77.62773036956787
-120.49111127853394 33.65120589733124 122.44895696640015
-162.678325176239 -10.94961017370224 178.6441683769226
-181.9067120552063 -64.24017548561096 182.46790170669556
-202.87048816680908 -126.63842439651489 193.2550549507141
-226.63462162017822 -182.5028896331787 220.08554935455322
-282.38844871520996 -241.9069528579712 241.4473056793213
-274.12962913513184 -282.60343074798584 -237.51802444458008
-268.48318576812744 -261.1820936203003 -180.53975105285645
-267.84887313842773 -275.31723976135254 -121.28987312316895
-287.6044511795044 -277.5575876235962 -74.74069595336914
-280.04469871520996 -269.2636728286743 -31.65702521800995
-268.06581020355225 -280.1255941390991 43.25530827045441
-252.30493545532227 -277.7679443359375 57.26614594459534
-280.67986965179443 -281.7349433898926 107.61433839797974
-273.9971876144409 -281.7626714706421 193.69537830352783
-266.61643981933594 -260.2905511856079 222.4966049194336
-2.695760689675808 275.91633796691895 2.2692253813147545
-2.7093542739748955 275.90529918670654 1.7728069797158241
-2.719627134501934 275.90582370758057 1.2595598585903645
-2.7361182495951653 275.9026050567627 0.765478378161788
-2.7506351470947266 275.90062618255615 0.24190358817577362
-2.7789995074272156 275.89898109436035 -0.26710042729973793
-2.7841152623295784 275.89097023010254 -0.7800802122801542
-2.7932925149798393 275.89056491851807 -1.2982919812202454
-2.809050865471363 275.88775157928467 -1.8097685649991035
-2.8097130358219147 275.8763790130615 -2.326038107275963
2.1438483148813248 275.83279609680176 2.4351175874471664
1.6572587192058563 275.8192777633667 2.4107618257403374
1.166935358196497 275.80413818359375 2.381981536746025
0.6851623766124249 275.7819652557373 2.3479511961340904
0.20465878769755363 275.77834129333496 2.3274926468729973
-0.2692677779123187 275.7925748825073 2.300622873008251
-0.7505589164793491 275.8045196533203 2.280222252011299
-1.2253410182893276 275.80389976501465 2.255535125732422
-1.711653545498848 275.8047103881836 2.2410010918974876
-2.18555498868227 275.8117914199829 2.2295165807008743
2.1260201930999756 275.8234739303589 1.9352270290255547
1.6271745786070824 275.801420211792 1.9092394039034843
1.1371513828635216 275.79712867736816 1.8776439130306244
0.6754386238753796 275.7820129394531 1.8677784129977226
0.20168672781437635 275.77106952667236 1.8553746864199638
-0.27388553135097027 275.7793664932251 1.829218678176403
-0.7560648489743471 275.7920742034912 1.8041037023067474
-1.228732243180275 275.79801082611084 1.7946669831871986
-1.7046011984348297 275.79784393310547 1.7766637727618217
-2.198329009115696 275.7906198501587 1.7568731680512428
2.1041521802544594 275.80394744873047 1.4267048798501492
1.6087176278233528 275.795578956604 1.4108016155660152
1.1324942111968994 275.7842779159546 1.395301427692175
0.6795111577957869 275.7758617401123 1.3867185451090336
0.21431376226246357 275.77412128448486 1.3750702142715454
-0.2681430196389556 275.78866481781006 1.3526450842618942
-0.7647060323506594 275.80742835998535 1.336029451340437
-1.232949923723936 275.807785987854 1.3171184808015823
-1.7097195610404015 275.8080244064331 1.300120446830988
-2.2116390988230705 275.7916450500488 1.2712309136986732
2.0814426243305206 275.79240798950195 0.9199135005474091
1.5959883108735085 275.78415870666504 0.9181920439004898
1.1320038698613644 275.77733993530273 0.9085342288017273
0.6736727897077799 275.78139305114746 0.9012349881231785
0.202476535923779 275.78346729278564 0.8971345610916615
-0.2749551087617874 275.80528259277344 0.886697880923748
-0.7579821161925793 275.81918239593506 0.8792223408818245
-1.2502621859312057 275.82106590270996 0.8468324318528175
-1.750526949763298 275.81069469451904 0.8246840909123421
-2.2306881844997406 275.79126358032227 0.8003511466085911
2.1054772660136223 275.7796049118042 0.42573288083076477
1.6242263838648796 275.77664852142334 0.4287155345082283
1.1442909948527813 275.77147483825684 0.42189136147499084
0.6709358654916286 275.788950920105 0.403865659609437
0.20404297392815351 275.79145431518555 0.3945527598261833
-0.27702017687261105 275.8063316345215 0.3866770304739475
-0.7671379018574953 275.82452297210693 0.3732479177415371
-1.2599225156009197 275.8064031600952 0.3456032136455178
-1.7762400209903717 275.7977247238159 0.3199339844286442
-2.267890051007271 275.7965564727783 0.2990851178765297
2.3787569254636765 275.7561683654785 -0.20619279239326715
1.8733175471425056 275.75738430023193 -0.2346389228478074
1.3631501235067844 275.7740259170532 -0.2532124286517501
0.8280598558485508 275.7890224456787 -0.2708893734961748
0.288014835678041 275.78909397125244 -0.27558249421417713
-0.23046100977808237 275.79214572906494 -0.28511122800409794
-0.7412729319185019 275.79429149627686 -0.28365408070385456
-1.2501955963671207 275.79517364501953 -0.29577817767858505
-1.7424331977963448 275.79641342163086 -0.30731193255633116
-2.24149152636528 275.80811977386475 -0.3202386200428009
2.392721176147461 275.7397651672363 -0.6924733519554138
1.8678776919841766 275.74479579925537 -0.7357022259384394
1.3476933352649212 275.76489448547363 -0.7677281741052866
0.824279896914959 275.7704734802246 -0.774077046662569
0.2914363984018564 275.77764987945557 -0.7854567840695381
-0.2265797695145011 275.7786273956299 -0.7884649559855461
-0.7225407287478447 275.77104568481445 -0.7878896780312061
-1.2223567813634872 275.78277587890625 -0.8034367114305496
-1.7226194962859154 275.7912874221802 -0.8331741206347942
-2.2316794842481613 275.7948875427246 -0.8430195972323418
2.4285294115543365 275.73373317718506 -1.1987878940999508
1.9021892920136452 275.7304906845093 -1.231231726706028
1.3709967955946922 275.7362365722656 -1.2607933953404427
0.8439680561423302 275.7425785064697 -1.2803228572010994
0.3061167662963271 275.7591962814331 -1.2821697629988194
-0.2094521652907133 275.75764656066895 -1.2898216024041176
-0.7068306673318148 275.76630115509033 -1.2970036827027798
-1.200435310602188 275.770902633667 -1.323460228741169
-1.7049774527549744 275.7831811904907 -1.3480613939464092
-2.2234926000237465 275.78587532043457 -1.3515322469174862
2.4468764662742615 275.71465969085693 -1.704074814915657
1.9246412441134453 275.71656703948975 -1.7464935779571533
1.3921290636062622 275.7154703140259 -1.7679819837212563
0.8560679852962494 275.7235288619995 -1.8014898523688316
0.32452591694891453 275.73962211608887 -1.8027983605861664
-0.19932962022721767 275.7364273071289 -1.8087618052959442
-0.7095177192240953 275.7449150085449 -1.823660172522068
-1.213549729436636 275.7483720779419 -1.8286360427737236
-1.7084140330553055 275.76026916503906 -1.8514325842261314
-2.230573259294033 275.77993869781494 -1.8666349351406097
2.4405788630247116 275.70085525512695 -2.228468284010887
1.9218992441892624 275.70996284484863 -2.2725477814674377
1.3879691250622272 275.7150650024414 -2.3025723174214363
0.8551865816116333 275.71918964385986 -2.3413704708218575
0.3353009233251214 275.7133483886719 -2.3340869694948196
-0.18264497630298138 275.7129192352295 -2.331742085516453
-0.698956660926342 275.72717666625977 -2.3425325751304626
-1.207199040800333 275.72267055511475 -2.354426681995392
-1.6988519579172134 275.7387638092041 -2.3592136800289154
-2.217540889978409 275.75745582580566 -2.375134825706482
227.341890335083 -287.6277446746826 -228.90570163726807
172.56908416748047 -283.5767984390259 -205.35850524902344
124.50200319290161 -289.39208984375 -203.1360626220703
70.57211995124817 -281.81779384613037 -214.09368515014648
12.188312411308289 -289.69457149505615 -224.39649105072021
-19.855180382728577 -274.324893951416 -218.67198944091797
-65.33619165420532 -283.76781940460205 -231.03101253509521
-129.82933521270752 -294.32389736175537 -240.1332139968872
-156.76474571228027 -291.77165031433105 -228.70121002197266
-229.1933536529541 -278.2883405685425 -225.53744316101074
220.75746059417725 -272.3999261856079 -174.15411472320557
188.3475422859192 -261.0476016998291 -168.66148710250854
159.6768856048584 -257.5693607330322 -179.5574426651001
103.98545265197754 -266.31431579589844 -173.316490650177
41.95426106452942 -271.2066888809204 -156.70771598815918
-1.9696440547704697 -271.7244863510132 -191.4129376411438
-59.81689691543579 -270.95627784729004 -183.2713007926941
-124.03548955917358 -248.2466220855713 -174.1403102874756
-152.46422290802002 -249.86207485198975 -174.8435616493225
-198.70656728744507 -252.66988277435303 -181.59353733062744
214.4949197769165 -271.9817876815796 -122.74441719055176
174.71537590026855 -262.20126152038574 -120.90396881103516
121.17377519607544 -267.4883842468262 -111.10279560089111
83.85834097862244 -284.59179401397705 -117.41924285888672
15.722689032554626 -267.49539375305176 -107.4285626411438
-28.898274898529053 -268.90270709991455 -109.93388891220093
-86.12887859344482 -278.6477565765381 -118.95755529403687
-128.09457778930664 -266.65198802948 -126.95772647857666
-168.3188557624817 -272.494912147522 -124.6680498123169
-205.70504665374756 -267.72620677948 -126.23105049133301
241.36433601379395 -266.0605192184448 -79.18309569358826
185.3291153907776 -267.49939918518066 -69.55108046531677
134.2643141746521 -268.1220293045044 -72.656911611557
70.60851454734802 -274.1626739501953 -76.03923678398132
-7.974358648061752 -274.62470531463623 -71.64745926856995
-18.56667697429657 -271.28937244415283 -68.63953471183777
-56.89584016799927 -281.218957901001 -94.3574607372284
-133.01286697387695 -285.636830329895 -70.27544975280762
-180.63600063323975 -270.46570777893066 -70.18225193023682
-254.56173419952393 -286.79139614105225 -74.42721724510193
233.38427543640137 -261.7973327636719 -20.925980806350708
201.72555446624756 -260.78524589538574 -30.920135974884033
119.51510906219482 -258.9914798736572 -32.2801411151886
71.35177850723267 -279.5980453491211 -29.247620701789856
36.635732650756836 -265.86079597473145 -26.81001126766205
-6.366274505853653 -271.50049209594727 -16.339632868766785
-69.27070021629333 -279.8194408416748 -37.28263974189758
-121.10762596130371 -269.79923248291016 -25.046750903129578
-199.85084533691406 -273.6044406890869 -19.70948725938797
-234.9135160446167 -273.67777824401855 -29.60391342639923
254.00328636169434 -286.6780757904053 33.303722739219666
174.77580308914185 -288.73865604400635 36.5792453289032
146.04161977767944 -286.0538721084595 36.04962229728699
108.73415470123291 -279.89494800567627 30.354735255241394
34.885939955711365 -283.5689306259155 27.656289935112
-14.075878262519836 -285.9413146972656 36.08134984970093
-80.77389597892761 -283.2254886627197 41.622889041900635
-135.644268989563 -282.05854892730713 38.02856802940369
-153.88431549072266 -286.22660636901855 31.97043538093567
-211.20381355285645 -282.14850425720215 40.83908200263977
232.4288845062256 -280.4194927215576 73.73116612434387
191.619873046875 -275.3793239593506 65.89580178260803
130.34143447875977 -270.35560607910156 70.96732258796692
100.09243488311768 -282.56828784942627 81.55867457389832
39.01837468147278 -286.02120876312256 68.19189786911011
-5.2435655146837234 -278.85680198669434 71.30361199378967
-76.21515989303589 -271.72865867614746 70.9005057811737
-97.61070609092712 -284.63449478149414 55.255675315856934
-169.07731294631958 -285.4001045227051 72.76687026023865
-203.97720336914062 -282.8592777252197 61.18656396865845
229.9194097518921 -282.5012445449829 112.45331764221191
199.93606805801392 -281.78489208221436 109.15220975875854
132.9878807067871 -286.94050312042236 114.41295146942139
83.31440687179565 -276.6554355621338 105.33157587051392
24.122482538223267 -285.24861335754395 111.89429759979248
-6.940571963787079 -286.2396717071533 113.57285976409912
-78.98322343826294 -272.5893974304199 110.86035966873169
-117.367422580719 -292.61035919189453 105.34635782241821
-184.84033346176147 -279.67844009399414 105.87055683135986
-217.53308773040771 -280.90803623199463 107.07037448883057
236.36436462402344 -288.99085521698 187.05674409866333
172.1383810043335 -267.67873764038086 190.43428897857666
124.4909405708313 -260.3555917739868 179.53267097473145
67.2311782836914 -256.6438913345337 183.1664800643921
36.370307207107544 -275.17597675323486 196.93477153778076
-36.89484000205994 -278.855299949646 182.55294561386108
-70.85177302360535 -274.7304677963257 191.4743185043335
-109.11264419555664 -274.2821931838989 197.10277318954468
-191.03676080703735 -269.36323642730713 193.62863302230835
-240.80228805541992 -291.38360023498535 200.52857398986816
215.1597499847412 -285.97538471221924 231.22785091400146
193.31934452056885 -272.3329544067383 239.066481590271
131.3235878944397 -271.3365077972412 232.8817367553711
76.9739031791687 -279.232382774353 228.53519916534424
26.591286063194275 -273.86326789855957 231.46557807922363
-19.130373001098633 -272.10497856140137 225.1171350479126
-70.89333534240723 -268.6362028121948 229.12838459014893
-103.47654819488525 -277.4510860443115 229.0665864944458
-161.73123121261597 -247.2149133682251 225.97310543060303
-221.0097312927246 -270.21307945251465 227.95367240905762
-283.57553482055664 -244.34576034545898 195.2370524406433
-283.30371379852295 -242.5851821899414 141.467547416687
-273.7548351287842 -231.43916130065918 108.96360874176025
-267.5581216812134 -229.57816123962402 53.047627210617065
-256.73232078552246 -245.29809951782227 12.142907828092575
-248.13175201416016 -237.6516580581665 -22.786395251750946
-254.73318099975586 -226.78420543670654 -78.24544906616211
-246.99862003326416 -243.76087188720703 -112.14057207107544
-254.55756187438965 -232.9214334487915 -172.57453203201294
-235.8473539352417 -234.46006774902344 -197.5492238998413
-227.21805572509766 -185.53850650787354 186.02445125579834
-228.09667587280273 -191.4846420288086 153.2118558883667
-242.8260326385498 -178.86391878128052 78.87145280838013
-238.1617784500122 -179.928719997406 51.28716826438904
-230.3105354309082 -198.73230457305908 9.25116091966629
-239.88335132598877 -190.47043323516846 -28.15823256969452
-248.24237823486328 -191.59046411514282 -72.99407124519348
-231.92675113677979 -180.68279027938843 -106.15348815917969
-235.8105182647705 -193.09306144714355 -158.02407264709473
-244.23656463623047 -189.6762251853943 -203.60612869262695
-192.26837158203125 -121.70335054397583 166.36533737182617
-198.3102560043335 -135.81782579421997 115.00918865203857
-192.18387603759766 -129.62254285812378 89.59438800811768
-195.12455463409424 -139.57786560058594 49.43098723888397
-202.09577083587646 -126.04756355285645 16.990943253040314
-199.4385838508606 -124.46300983428955 -25.69115161895752
-199.08260107040405 -134.42116975784302 -55.59728741645813
-189.35348987579346 -121.88496589660645 -75.54326057434082
-195.7912564277649 -118.10828447341919 -122.76543378829956
-190.29120206832886 -119.39609050750732 -146.44635915756226
-177.84093618392944 -72.36528396606445 135.5512022972107
-183.93925428390503 -63.09884786605835 120.28217315673828
-193.09616088867188 -69.18532848358154 79.63759303092957
-185.39142608642578 -70.62628269195557 57.741302251815796
-188.13436031341553 -81.37798309326172 16.867217421531677
-189.90635871887207 -73.45679998397827 -12.961238622665405
-197.24668264389038 -65.08598327636719 -41.32697582244873
-191.81545972824097 -86.77514791488647 -97.62342572212219
-190.50554037094116 -73.46543073654175 -107.38208293914795
-184.46732759475708 -78.7457287311554 -144.2607879638672
-167.10165739059448 -16.741549968719482 151.63732767105103
-160.50039529800415 -9.372808784246445 124.66740608215332
-150.1692533493042 0.9326130151748657 92.47680306434631
-159.98132228851318 -11.755843460559845 38.233113288879395
-157.7601432800293 4.556321352720261 24.21610653400421
-153.4017562866211 0.434364378452301 -13.185589015483856
-156.27399682998657 -19.133758544921875 -40.77446460723877
-142.06924438476562 -9.086977690458298 -75.59846043586731
-155.67926168441772 -13.754406571388245 -112.2846007347107
-138.1114959716797 -19.589264690876007 -137.10070848464966
-121.0059404373169 23.23269098997116 102.35135555267334
-119.89355087280273 33.018359541893005 84.58308577537537
-127.56006717681885 20.373383164405823 56.71244263648987
-124.28253889083862 25.03604292869568 35.969460010528564
-130.74331283569336 17.996948957443237 9.805355966091156
-125.53211450576782 22.010912001132965 -16.714531183242798
-135.93131303787231 16.2644624710083 -37.92814910411835
-136.2937092781067 18.2273730635643 -53.87384295463562
-139.41597938537598 20.097658038139343 -72.14481234550476
-142.91298389434814 20.60551643371582 -107.5387954711914
-94.46893334388733 81.35263919830322 63.585007190704346
-102.14686393737793 76.47320628166199 48.16906750202179
-98.05677533149719 85.24057865142822 31.278875470161438
-101.89011096954346 76.88254117965698 16.02613776922226
-108.38450193405151 85.72202920913696 -0.2431631786748767
-107.8639268875122 84.40408110618591 -18.770185112953186
-112.73298263549805 82.61438012123108 -37.79390752315521
-116.09716415405273 86.07422709465027 -56.6713809967041
-114.65451717376709 81.72527551651001 -62.21003532409668
-120.2643871307373 87.86954283714294 -81.9161057472229
-77.9052197933197 116.69855117797852 86.39720678329468
-85.0630521774292 115.44476747512817 72.69724011421204
-79.1860580444336 113.66764307022095 54.95834946632385
-81.94600343704224 110.86694002151489 40.54916799068451
-82.38654732704163 113.99171352386475 28.198033571243286
-79.57987785339355 111.55351400375366 14.683741331100464
-88.34190964698792 110.64434051513672 -8.598124235868454
-80.12545108795166 104.00441884994507 -22.23430424928665
-85.00537872314453 102.70870923995972 -34.275659918785095
-81.81983232498169 102.74083614349365 -52.01613903045654
-57.207274436950684 165.8536672592163 39.06033635139465
-58.34593176841736 168.0857539176941 25.807440280914307
-55.21877408027649 165.8387541770935 18.63597482442856
-58.25610160827637 165.15737771987915 10.134044289588928
-59.251868724823 164.82678651809692 5.712490156292915
-58.58319401741028 165.88643789291382 -2.739965170621872
-59.662580490112305 169.22000646591187 -14.855669438838959
-62.84473538398743 171.45795822143555 -24.38446283340454
-62.54075765609741 171.43369913101196 -29.80455458164215
-61.14315986633301 170.36699056625366 -38.99053931236267
-34.154948592185974 227.40793228149414 16.9420063495636
-33.78089964389801 227.32348442077637 12.774567306041718
-33.96114110946655 227.54273414611816 9.498346596956253
-33.95478427410126 228.30615043640137 5.464652180671692
-34.55140292644501 227.13680267333984 1.1735296808183193
-34.05933976173401 226.1777639389038 -2.347249910235405
-34.25105810165405 224.87812042236328 -6.2553077936172485
-34.35746133327484 223.28286170959473 -9.634064882993698
-34.390297532081604 222.6391077041626 -12.287474423646927
-35.41945517063141 222.33624458312988 -16.44783765077591
194.59025859832764 -258.6294889450073 260.08753776550293
146.80418968200684 -255.02405166625977 252.38511562347412
99.83957409858704 -249.6147871017456 259.40186977386475
45.22164165973663 -241.90373420715332 246.16174697875977
-8.420741558074951 -239.97409343719482 254.15642261505127
-55.81079721450806 -240.25394916534424 251.83191299438477
-99.89957213401794 -245.3852415084839 256.5584659576416
-130.85362911224365 -241.64626598358154 249.03078079223633
-181.0789704322815 -238.39855194091797 254.2248010635376
-219.92313861846924 -244.73965167999268 233.97791385650635
184.46307182312012 -158.0117106437683 210.92751026153564
153.3298134803772 -163.42896223068237 218.11542510986328
115.67165851593018 -168.8087821006775 221.04835510253906
65.09281396865845 -164.91767168045044 220.8134412765503
17.9206520318985 -169.70653533935547 217.75987148284912
-13.007970154285431 -174.2058515548706 225.3988265991211
-51.2872040271759 -166.01547002792358 209.69390869140625
-98.50156307220459 -171.78874015808105 226.92463397979736
-148.73148202896118 -179.08146381378174 227.79598236083984
-190.49073457717896 -177.7699589729309 220.0267791748047
167.10703372955322 -104.69025373458862 200.58176517486572
130.16847372055054 -115.28408527374268 187.29792833328247
89.68110680580139 -122.72067070007324 206.148099899292
53.55467200279236 -121.42406702041626 206.76257610321045
12.666541337966919 -122.58182764053345 194.80291604995728
-15.54805189371109 -120.61965465545654 196.2228298187256
-61.65666580200195 -116.2279486656189 207.88190364837646
-104.02909517288208 -125.83247423171997 201.49035453796387
-120.65882682800293 -120.32016515731812 199.59204196929932
-166.68354272842407 -130.0659418106079 195.7813858985901
160.39825677871704 -61.223721504211426 171.1443305015564
111.97925806045532 -64.01373744010925 170.89132070541382
86.92428469657898 -60.92732548713684 184.74113941192627
59.902381896972656 -66.45101308822632 176.08892917633057
17.37549901008606 -62.80580163002014 175.1623272895813
-20.875465869903564 -69.83112096786499 179.83912229537964
-49.41146969795227 -58.12050104141235 172.40511178970337
-68.82155537605286 -60.2738618850708 178.5334587097168
-119.94953155517578 -59.22420024871826 177.06570625305176
-155.2135944366455 -67.07504987716675 184.4550371170044
110.8948826789856 -30.47317862510681 171.6724991798401
88.62707018852234 -30.354616045951843 168.24796199798584
49.83442723751068 -24.5895117521286 168.23766231536865
15.108147263526917 -28.440654277801514 170.33179998397827
-8.5367850959301 -26.32894217967987 173.07116985321045
-35.579752922058105 -16.43769145011902 177.15792655944824
-62.644439935684204 -21.31524533033371 171.91094160079956
-85.34461855888367 -16.023840010166168 171.8348503112793
-111.88286542892456 -22.600960731506348 174.59689378738403
-134.29876565933228 -16.866816580295563 171.14416360855103
112.34015226364136 32.60393738746643 109.75356101989746
83.62443447113037 41.3502037525177 114.90622758865356
67.76742935180664 33.513474464416504 107.21501111984253
38.00434172153473 39.198607206344604 109.12364721298218
14.08475637435913 31.585973501205444 115.5372142791748
-6.870609521865845 33.47451984882355 114.42596912384033
-26.426801085472107 30.064526200294495 117.424476146698
-49.34381544589996 30.967962741851807 121.79648876190186
-79.43505048751831 31.150096654891968 122.44995832443237
-98.09074997901917 37.34159171581268 122.1112608909607
88.68743777275085 74.49679374694824 88.07387948036194
63.611578941345215 73.2548713684082 93.19754838943481
41.8360561132431 76.99912786483765 85.94706654548645
30.815190076828003 74.62576627731323 85.12934446334839
7.554583251476288 76.34810209274292 82.17757940292358
-1.913871243596077 78.4095823764801 81.73505663871765
-27.320727705955505 75.67023634910583 77.99550294876099
-46.74008786678314 73.83440732955933 85.90236306190491
-57.63396620750427 78.78947854042053 75.36803483963013
-79.98949885368347 75.39975643157959 81.75678253173828
59.33585166931152 131.09678030014038 63.81082534790039
46.2899386882782 129.72173690795898 63.818198442459106
30.873194336891174 126.44091844558716 68.05810332298279
18.443875014781952 124.73592758178711 73.92763495445251
9.670484811067581 124.5671033859253 80.29171228408813
-10.952010750770569 127.21961736679077 81.24372363090515
-27.330294251441956 123.49740266799927 86.57376766204834
-38.45202028751373 120.43863534927368 91.12058281898499
-52.06913352012634 121.35823965072632 95.2082097530365
-67.5276517868042 118.9549446105957 93.53668093681335
44.364115595817566 168.01583766937256 55.86285591125488
34.494563937187195 168.98293495178223 57.928675413131714
22.15956598520279 169.3556547164917 49.46608245372772
7.88101851940155 166.96059703826904 49.11789894104004
2.178787440061569 164.98931646347046 53.19626331329346
-4.554448276758194 170.0615644454956 51.35691165924072
-16.765135526657104 165.14599323272705 53.97374629974365
-28.310051560401917 161.95391416549683 51.76483392715454
-35.65606474876404 163.18925619125366 45.283043384552
-47.0824658870697 163.1382942199707 46.57595455646515
43.81590187549591 212.42923736572266 9.485119581222534
34.40082669258118 217.04201698303223 8.23439508676529
26.70656442642212 216.42794609069824 9.354634582996368
20.225170254707336 217.7938461303711 8.221418410539627
13.545067608356476 219.24114227294922 12.193482369184494
8.006168901920319 218.88372898101807 12.692253291606903
-2.174042910337448 222.4013090133667 14.976495504379272
-10.575879365205765 225.91795921325684 17.579899728298187
-21.072477102279663 226.26855373382568 18.803510069847107
-27.65994668006897 230.0225019454956 19.131335616111755
273.44162464141846 -247.47793674468994 -182.83244371414185
244.4103479385376 -254.3346881866455 -151.79431438446045
244.728422164917 -238.40219974517822 -118.05075407028198
251.95410251617432 -255.7051181793213 -51.413655281066895
251.28800868988037 -255.64494132995605 -2.16967910528183
228.64625453948975 -250.30922889709473 39.85953629016876
242.17782020568848 -258.3717107772827 79.68814969062805
251.4631986618042 -240.94526767730713 119.76972818374634
250.6218433380127 -247.340726852417 201.73509120941162
230.84383010864258 -253.9236068725586 220.9773063659668
244.1225290298462 -171.2480902671814 -202.461576461792
246.14169597625732 -171.52239084243774 -138.5950207710266
231.61020278930664 -177.2178053855896 -115.51699638366699
228.80709171295166 -178.68341207504272 -78.51583957672119
217.85566806793213 -183.65564346313477 -28.183847665786743
232.12921619415283 -176.92874670028687 24.07759726047516
236.350417137146 -159.47903394699097 50.62342882156372
232.5899600982666 -163.68824243545532 118.21168661117554
231.48953914642334 -152.26503610610962 140.6856894493103
240.56737422943115 -153.26436758041382 177.9333472251892
210.11810302734375 -141.09995365142822 -168.36209297180176
219.45147514343262 -129.51712608337402 -133.90307426452637
216.0212755203247 -118.96309852600098 -87.36760020256042
214.89810943603516 -121.60329818725586 -39.0446662902832
213.10698986053467 -130.59998750686646 -11.258487403392792
214.85626697540283 -128.71044874191284 26.302075386047363
202.4782419204712 -118.07447671890259 48.77611994743347
204.42981719970703 -111.2464189529419 94.1124439239502
206.52291774749756 -116.2507176399231 133.47326517105103
197.09290266036987 -109.05882120132446 155.93421459197998
176.85619592666626 -78.5207450389862 -151.12124681472778
181.69721364974976 -83.78949165344238 -120.55301666259766
182.6818346977234 -71.15400433540344 -97.68989086151123
185.88435649871826 -69.95234489440918 -57.77847766876221
184.40520763397217 -74.05891418457031 -13.253122568130493
187.81427145004272 -69.07006502151489 21.17113023996353
176.9952654838562 -67.73558855056763 44.78068649768829
183.7639570236206 -58.174580335617065 69.95314955711365
179.40218448638916 -53.995293378829956 115.55066108703613
190.52143096923828 -66.86675548553467 135.4183554649353
142.42660999298096 -17.73950308561325 -136.57891750335693
152.3353934288025 -23.22453409433365 -107.33346939086914
144.9793815612793 -34.7884327173233 -66.64412021636963
136.98108196258545 -30.903154611587524 -52.4855375289917
133.26977491378784 -26.933646202087402 -10.452023893594742
141.08116626739502 -36.867040395736694 17.84215271472931
132.0930004119873 -28.735896944999695 51.643699407577515
134.40062999725342 -29.941561818122864 66.95875525474548
132.2116494178772 -25.120463967323303 101.92780494689941
129.80003356933594 -30.3981751203537 133.1183910369873
125.7655382156372 23.03280383348465 -84.67029929161072
134.75807905197144 29.80598509311676 -69.33763027191162
125.67073106765747 35.070860385894775 -50.20303130149841
133.81543159484863 32.357022166252136 -26.088052988052368
132.34126567840576 31.98787569999695 -12.867310643196106
132.65165090560913 28.91411781311035 8.564089238643646
139.53131437301636 36.25020980834961 19.47517991065979
130.53748607635498 29.344436526298523 45.51013708114624
133.22458267211914 40.55907726287842 69.1837728023529
134.4430923461914 37.712350487709045 81.37118220329285
104.0621280670166 60.33756732940674 -100.42192935943604
102.78172492980957 63.66590857505798 -77.42600440979004
103.80498170852661 64.84880447387695 -62.05493211746216
99.71058368682861 64.28471207618713 -41.35529696941376
103.25274467468262 71.87831401824951 -18.00912767648697
101.35501623153687 64.2396628856659 -4.807799309492111
105.4547905921936 69.42070126533508 18.090176582336426
98.3974277973175 69.2956805229187 37.13473379611969
105.27273416519165 76.5570342540741 53.025877475738525
100.87532997131348 78.29301357269287 76.64982080459595
55.98260164260864 118.03314685821533 -70.76143026351929
58.290380239486694 123.07064533233643 -60.059964656829834
57.687532901763916 121.53047323226929 -44.226181507110596
61.50774955749512 126.87410116195679 -40.993571281433105
66.39044284820557 126.32526159286499 -17.094631493091583
71.49046063423157 127.45227813720703 0.8127116598188877
73.49404096603394 130.72141408920288 9.838155657052994
79.1190505027771 129.34256792068481 24.977533519268036
76.0783851146698 131.68599605560303 35.65606772899628
74.92375373840332 130.45626878738403 45.04108130931854
55.382394790649414 195.61012983322144 -40.79304337501526
52.02444791793823 192.12833642959595 -32.719457149505615
50.31322240829468 190.19020795822144 -20.859774947166443
49.71475303173065 186.88910007476807 -14.381501078605652
50.26527643203735 183.01399946212769 -2.690068818628788
49.24359619617462 181.61360025405884 4.440489038825035
52.480411529541016 180.80248832702637 12.019911408424377
51.718491315841675 171.42895460128784 27.280962467193604
50.36991834640503 171.16767168045044 33.740901947021484
51.75853967666626 167.93406009674072 44.74329650402069
19.535209238529205 242.43571758270264 -37.613463401794434
23.975706100463867 239.78734016418457 -35.32295525074005
27.241221070289612 236.81316375732422 -29.65981960296631
31.630560755729675 231.31155967712402 -26.41405463218689
33.57787728309631 227.8345823287964 -22.03962802886963
37.85831332206726 223.99158477783203 -16.818568110466003
39.6872878074646 221.51386737823486 -12.834927439689636
44.85048055648804 218.0156707763672 -8.997991681098938
47.79115617275238 216.1001682281494 -2.8330234810709953
50.571852922439575 213.4110689163208 2.398933470249176
-175.2877116203308 -228.62210273742676 -247.28829860687256
-154.14451360702515 -237.7856969833374 -249.14450645446777
-99.941086769104 -229.38475608825684 -256.02705478668213
-54.13494110107422 -235.13684272766113 -244.80061531066895
-5.059690773487091 -236.9591474533081 -258.23380947113037
38.91577422618866 -249.46062564849854 -253.1299352645874
81.58420920372009 -253.20932865142822 -253.96006107330322
112.24552392959595 -242.1567440032959 -254.30631637573242
156.0857653617859 -248.55577945709229 -230.68339824676514
212.63251304626465 -251.5782356262207 -257.13045597076416
-199.07177686691284 -186.29261255264282 -233.77041816711426
-155.89301586151123 -193.90162229537964 -229.85901832580566
-116.88258647918701 -183.16456079483032 -231.1171054840088
-54.22062873840332 -184.28094387054443 -242.4760341644287
-34.532153606414795 -198.0818271636963 -240.02079963684082
22.650764882564545 -176.41010284423828 -233.58392715454102
35.79833805561066 -175.07197856903076 -246.66106700897217
120.12288570404053 -183.52062702178955 -233.29033851623535
145.42702436447144 -186.979341506958 -237.16273307800293
192.73278713226318 -186.36972904205322 -238.35501670837402
-155.47151565551758 -121.08418941497803 -188.3596897125244
-95.74748873710632 -119.96482610702515 -195.9169864654541
-103.62329483032227 -130.069899559021 -191.78035259246826
-35.16961634159088 -125.71595907211304 -189.04192447662354
-17.503026127815247 -138.37125301361084 -200.8899211883545
42.56365895271301 -138.5853409767151 -196.35430574417114
61.454349756240845 -135.7912302017212 -194.51369047164917
109.43903923034668 -135.8060121536255 -209.73165035247803
132.7477216720581 -140.1899218559265 -193.66599321365356
173.97773265838623 -121.81715965270996 -201.3942003250122
-167.64509677886963 -95.88623642921448 -187.147855758667
-119.44587230682373 -91.70063734054565 -183.60971212387085
-97.86232709884644 -84.25458669662476 -174.6760606765747
-55.775004625320435 -90.49913883209229 -184.00107622146606
-11.475762724876404 -83.3131730556488 -187.46222257614136
9.941775351762772 -94.47052478790283 -184.6187710762024
53.00254225730896 -94.29031610488892 -181.40747547149658
70.83687782287598 -82.05363750457764 -187.801194190979
112.34880685806274 -80.58269023895264 -183.7181568145752
136.30448579788208 -93.85778307914734 -188.38729858398438
-120.1791763305664 -13.477486371994019 -168.69406700134277
-82.16518759727478 -19.469423592090607 -170.7795262336731
-55.865758657455444 -6.9755710661411285 -163.72150182724
-21.878011524677277 -16.933397948741913 -172.2822666168213
1.4640949666500092 -16.38135015964508 -169.85745429992676
18.285922706127167 -14.973658323287964 -163.21090459823608
51.67384743690491 -26.255327463150024 -172.29629755020142
69.28560733795166 -15.719649195671082 -161.36475801467896
99.48911666870117 -25.548169016838074 -158.159077167511
136.7897629737854 -13.022801280021667 -161.7135524749756
-112.26774454116821 20.650044083595276 -124.33944940567017
-92.63717532157898 10.322549194097519 -118.01513433456421
-62.08198666572571 18.280163407325745 -122.35039472579956
-41.248756647109985 19.94359940290451 -119.01917457580566
-4.498864710330963 22.92429655790329 -115.46711921691895
10.571268200874329 18.460580706596375 -109.82009172439575
36.152562499046326 28.727778792381287 -106.03070259094238
50.213414430618286 23.515474796295166 -116.79974794387817
83.33244919776917 28.183478116989136 -107.27622509002686
106.5109133720398 22.96912670135498 -101.37518644332886
-96.16933465003967 83.19858908653259 -96.7980146408081
-84.98818874359131 81.50195479393005 -103.94694805145264
-62.361979484558105 81.4690887928009 -108.25232267379761
-46.2475448846817 80.12416958808899 -105.62098026275635
-17.87087768316269 69.95375752449036 -105.95301389694214
2.1023014560341835 69.85293626785278 -112.14098930358887
26.381278038024902 68.70482563972473 -108.74202251434326
39.46247398853302 63.52919340133667 -115.23698568344116
52.194392681121826 55.781394243240356 -112.56743669509888
84.59643721580505 68.2106614112854 -117.74767637252808
-74.30999279022217 107.74044990539551 -63.690346479415894
-56.26874566078186 105.3949236869812 -63.66298198699951
-46.4522659778595 105.05378246307373 -71.4243471622467
-34.60176885128021 108.06088447570801 -74.45008754730225
-22.79089242219925 110.10568141937256 -79.70892190933228
-6.430358439683914 111.0276460647583 -79.32175993919373
2.045866474509239 115.81196784973145 -83.02375674247742
13.13147246837616 114.54920768737793 -82.65523910522461
27.184301614761353 114.9001955986023 -86.29904389381409
39.12160098552704 116.7728066444397 -87.4882698059082
-56.48338198661804 173.6910343170166 -48.3334481716156
-42.514145374298096 174.2469310760498 -49.22844469547272
-32.35217034816742 175.2339005470276 -46.86868488788605
-22.034046053886414 182.45750665664673 -50.69878101348877
-11.811861395835876 186.37796640396118 -48.55085909366608
-1.8448807299137115 182.67905712127686 -48.88028800487518
6.259899586439133 182.53930807113647 -53.21837067604065
20.635423064231873 185.737407207489 -55.097997188568115
32.78011381626129 191.98334217071533 -52.983081340789795
39.692726731300354 194.21257972717285 -50.66172480583191
-29.24899160861969 223.4394073486328 -25.960448384284973
-23.9856019616127 225.56416988372803 -24.759970605373383
-18.786504864692688 228.02202701568604 -25.868242979049683
-14.869743585586548 229.5557737350464 -29.266449809074402
-11.648748815059662 233.16915035247803 -29.932880401611328
-7.133298367261887 235.25545597076416 -32.27446377277374
-1.9341088831424713 237.8903865814209 -34.90295112133026
2.7764014899730682 239.95931148529053 -37.62437403202057
8.793269097805023 240.91196060180664 -39.38295543193817
12.447688728570938 242.0149803161621 -39.86322283744812
