-110.39999961853027 -55.19999980926514 256.2000000476837
-110.39999961853027 -55.19999980926514 283.7999999523163
-110.39999961853027 55.19999980926514 256.2000000476837
-110.39999961853027 55.19999980926514 283.7999999523163
110.39999961853027 -55.19999980926514 256.2000000476837
110.39999961853027 -55.19999980926514 283.7999999523163
110.39999961853027 55.19999980926514 256.2000000476837
110.39999961853027 55.19999980926514 283.7999999523163
-110.39999008178711 -55.199995040893555 52.14275360107422
-110.39999008178711 -55.199995040893555 147.94776916503906
-110.39999008178711 55.199995040893555 52.14275360107422
-110.39999008178711 55.199995040893555 147.94776916503906
110.39999008178711 -55.199995040893555 52.14275360107422
110.39999008178711 -55.199995040893555 147.94776916503906
110.39999008178711 55.199995040893555 52.14275360107422
110.39999008178711 55.199995040893555 147.94776916503906
-56.93798065185547 -31.426551342010498 92.61568069458008
-56.93798065185547 -31.426551342010498 547.4539756774902
-56.93798065185547 31.788909435272217 92.61568069458008
-56.93798065185547 31.788909435272217 547.4539756774902
43.274288177490234 -31.426551342010498 92.61568069458008
43.274288177490234 -31.426551342010498 547.4539756774902
43.274288177490234 31.788909435272217 92.61568069458008
43.274288177490234 31.788909435272217 547.4539756774902
-110.39999008178711 -55.199995040893555 321.77056312561035
-110.39999008178711 -55.199995040893555 349.37055587768555
-110.39999008178711 55.199995040893555 321.77056312561035
-110.39999008178711 55.199995040893555 349.37055587768555
110.39999008178711 -55.199995040893555 321.77056312561035
110.39999008178711 -55.199995040893555 349.37055587768555
110.39999008178711 55.199995040893555 321.77056312561035
110.39999008178711 55.199995040893555 349.37055587768555
-110.39999008178711 -55.199995040893555 381.32452964782715
-110.39999008178711 -55.199995040893555 408.9245319366455
-110.39999008178711 55.199995040893555 381.32452964782715
-110.39999008178711 55.199995040893555 408.9245319366455
110.39999008178711 -55.199995040893555 381.32452964782715
110.39999008178711 -55.199995040893555 408.9245319366455
110.39999008178711 55.199995040893555 381.32452964782715
110.39999008178711 55.199995040893555 408.9245319366455
-110.39999008178711 -55.199995040893555 439.5609474182129
-110.39999008178711 -55.199995040893555 467.1609306335449
-110.39999008178711 55.199995040893555 439.5609474182129
-110.39999008178711 55.199995040893555 467.1609306335449
110.39999008178711 -55.199995040893555 439.5609474182129
110.39999008178711 -55.199995040893555 467.1609306335449
110.39999008178711 55.199995040893555 439.5609474182129
110.39999008178711 55.199995040893555 467.1609306335449
-110.39999008178711 -55.199995040893555 497.2203826904297
-110.39999008178711 -55.199995040893555 524.8203659057617
-110.39999008178711 55.199995040893555 497.2203826904297
-110.39999008178711 55.199995040893555 524.8203659057617
110.39999008178711 -55.199995040893555 497.2203826904297
110.39999008178711 -55.199995040893555 524.8203659057617
110.39999008178711 55.199995040893555 497.2203826904297
110.39999008178711 55.199995040893555 524.8203659057617
