-41.39999985694885 -41.39999985694885 102.00000047683716
-41.39999985694885 -41.39999985694885 377.99999952316284
-41.39999985694885 41.39999985694885 102.00000047683716
-41.39999985694885 41.39999985694885 377.99999952316284
41.39999985694885 -41.39999985694885 102.00000047683716
41.39999985694885 -41.39999985694885 377.99999952316284
41.39999985694885 41.39999985694885 102.00000047683716
41.39999985694885 41.39999985694885 377.99999952316284
-88.69674682617188 -29.174922108650208 86.40538692474365
-88.69674682617188 -29.174922108650208 138.3764410018921
-88.69674682617188 -77.48820304870605 86.40538692474365
-88.69674682617188 -77.48820304870605 138.3764410018921
-128.07188987731934 -29.174922108650208 86.40538692474365
-128.07188987731934 -29.174922108650208 138.3764410018921
-128.07188987731934 -77.48820304870605 86.40538692474365
-128.07188987731934 -77.48820304870605 138.3764410018921
-64.83612298965454 -73.72479915618896 429.0665292739868
-64.83612298965454 -73.72479915618896 161.86100482940674
-64.83612298965454 57.997119426727295 429.0665292739868
-64.83612298965454 57.997119426727295 161.86100482940674
42.51676082611084 -73.72479915618896 429.0665292739868
42.51676082611084 -73.72479915618896 161.86100482940674
42.51676082611084 57.997119426727295 429.0665292739868
42.51676082611084 57.997119426727295 161.86100482940674
137.8943967819214 215.863037109375 39.86698627471924
137.8943967819214 215.863037109375 109.89794969558716
137.8943967819214 -140.44907569885254 39.86698627471924
137.8943967819214 -140.44907569885254 109.89794969558716
-160.59062004089355 215.863037109375 39.86698627471924
-160.59062004089355 215.863037109375 109.89794969558716
-160.59062004089355 -140.44907569885254 39.86698627471924
-160.59062004089355 -140.44907569885254 109.89794969558716
-108.86036396026611 -92.85575866699219 167.46018171310425
-108.86036396026611 -92.85575866699219 92.39051580429077
-108.86036396026611 146.90159797668457 167.46018171310425
-108.86036396026611 146.90159797668457 92.39051580429077
86.54099464416504 -92.85575866699219 167.46018171310425
86.54099464416504 -92.85575866699219 92.39051580429077
86.54099464416504 146.90159797668457 167.46018171310425
86.54099464416504 146.90159797668457 92.39051580429077
-8.640754222869873 45.89663028717041 182.7135944366455
-8.640754222869873 45.89663028717041 189.86048340797424
-8.640754222869873 39.25274848937988 182.7135944366455
-8.640754222869873 39.25274848937988 189.86048340797424
-14.055497646331787 45.89663028717041 182.7135944366455
-14.055497646331787 45.89663028717041 189.86048340797424
-14.055497646331787 39.25274848937988 182.7135944366455
-14.055497646331787 39.25274848937988 189.86048340797424
-88.69674682617188 44.148101806640625 86.40538692474365
-88.69674682617188 44.148101806640625 138.3764410018921
-88.69674682617188 -4.165184497833252 86.40538692474365
-88.69674682617188 -4.165184497833252 138.3764410018921
-128.07190418243408 44.148101806640625 86.40538692474365
-128.07190418243408 44.148101806640625 138.3764410018921
-128.07190418243408 -4.165184497833252 86.40538692474365
-128.07190418243408 -4.165184497833252 138.3764410018921
-88.69674682617188 106.43246412277222 86.40538692474365
-88.69674682617188 106.43246412277222 138.3764410018921
-88.69674682617188 58.11917066574097 86.40538692474365
-88.69674682617188 58.11917066574097 138.3764410018921
-128.07190418243408 106.43246412277222 86.40538692474365
-128.07190418243408 106.43246412277222 138.3764410018921
-128.07190418243408 58.11917066574097 86.40538692474365
-128.07190418243408 58.11917066574097 138.3764410018921
-86.71523809432983 163.52585792541504 86.40538692474365
-86.71523809432983 163.52585792541504 138.3764410018921
-86.71523809432983 115.21257162094116 86.40538692474365
-86.71523809432983 115.21257162094116 138.3764410018921
-126.09038829803467 163.52585792541504 86.40538692474365
-126.09038829803467 163.52585792541504 138.3764410018921
-126.09038829803467 115.21257162094116 86.40538692474365
-126.09038829803467 115.21257162094116 138.3764410018921
-23.118624687194824 163.52585792541504 86.40538692474365
-23.118624687194824 163.52585792541504 138.3764410018921
-23.118624687194824 115.21257162094116 86.40538692474365
-23.118624687194824 115.21257162094116 138.3764410018921
-62.49377489089966 163.52585792541504 86.40538692474365
-62.49377489089966 163.52585792541504 138.3764410018921
-62.49377489089966 115.21257162094116 86.40538692474365
-62.49377489089966 115.21257162094116 138.3764410018921
46.52742862701416 163.52585792541504 86.40538692474365
46.52742862701416 163.52585792541504 138.3764410018921
46.52742862701416 115.21257162094116 86.40538692474365
46.52742862701416 115.21257162094116 138.3764410018921
7.152278423309326 163.52585792541504 86.40538692474365
7.152278423309326 163.52585792541504 138.3764410018921
7.152278423309326 115.21257162094116 86.40538692474365
7.152278423309326 115.21257162094116 138.3764410018921
-39.62380886077881 74.83152151107788 146.5452218055725
-39.62380886077881 74.83152151107788 198.51627588272095
-39.62380886077881 26.518235206604004 146.5452218055725
-39.62380886077881 26.518235206604004 198.51627588272095
-78.99895906448364 74.83152151107788 146.5452218055725
-78.99895906448364 74.83152151107788 198.51627588272095
-78.99895906448364 26.518235206604004 146.5452218055725
-78.99895906448364 26.518235206604004 198.51627588272095
-39.62380886077881 -1.9751465320587158 146.5452218055725
-39.62380886077881 -1.9751465320587158 198.51627588272095
-39.62380886077881 -50.28843283653259 146.5452218055725
-39.62380886077881 -50.28843283653259 198.51627588272095
-78.99895906448364 -1.9751465320587158 146.5452218055725
-78.99895906448364 -1.9751465320587158 198.51627588272095
-78.99895906448364 -50.28843283653259 146.5452218055725
-78.99895906448364 -50.28843283653259 198.51627588272095
30.208239555358887 73.7604546546936 146.5452218055725
30.208239555358887 73.7604546546936 198.51627588272095
30.208239555358887 25.447168350219727 146.5452218055725
30.208239555358887 25.447168350219727 198.51627588272095
-9.166910648345947 73.7604546546936 146.5452218055725
-9.166910648345947 73.7604546546936 198.51627588272095
-9.166910648345947 25.447168350219727 146.5452218055725
-9.166910648345947 25.447168350219727 198.51627588272095
109.53806161880493 163.49339962005615 51.46845817565918
109.53806161880493 163.49339962005615 87.25637435913086
109.53806161880493 -109.6477460861206 51.46845817565918
109.53806161880493 -109.6477460861206 87.25637435913086
-132.23427772521973 163.49339962005615 51.46845817565918
-132.23427772521973 163.49339962005615 87.25637435913086
-132.23427772521973 -109.6477460861206 51.46845817565918
-132.23427772521973 -109.6477460861206 87.25637435913086
