400.0 -400.0 -1.0499134200925297e-08
392.31410026550293 -400.0 78.03612947463989
369.55180168151855 -400.0 153.0733823776245
332.5878381729126 -400.0 222.2280979156494
282.84270763397217 -400.0 282.84270763397217
222.2280979156494 -400.0 332.5878381729126
153.0733823776245 -400.0 369.55180168151855
78.03612947463989 -400.0 392.31410026550293
-1.0905396585769722e-07 -400.0 400.0
-78.03612947463989 -400.0 392.31410026550293
-153.0733823776245 -400.0 369.55180168151855
-222.2280979156494 -400.0 332.5878381729126
-282.84270763397217 -400.0 282.84270763397217
-332.5878381729126 -400.0 222.2280979156494
-369.55180168151855 -400.0 153.0733823776245
-392.31410026550293 -400.0 78.03612947463989
-400.0 -400.0 -8.575797849630362e-08
-392.31410026550293 -400.0 -78.03612947463989
-369.55180168151855 -400.0 -153.0733823776245
-332.5878381729126 -400.0 -222.2280979156494
-282.84270763397217 -400.0 -282.84270763397217
-222.2280979156494 -400.0 -332.5878381729126
-153.0733823776245 -400.0 -369.55180168151855
-78.03612947463989 -400.0 -392.31410026550293
-2.9558167025101056e-08 -400.0 -400.0
78.03612947463989 -400.0 -392.31410026550293
153.0733823776245 -400.0 -369.55180168151855
222.2280979156494 -400.0 -332.5878381729126
282.84270763397217 -400.0 -282.84270763397217
332.5878381729126 -400.0 -222.2280979156494
369.55180168151855 -400.0 -153.0733823776245
392.31410026550293 -400.0 -78.03612947463989
-1.4016239280323362e-07 400.0 -9.565959580015715e-07
397.43802547454834 -400.0 26.01204514503479
394.8760509490967 -400.0 52.02409029006958
266.6666507720947 -133.33332538604736 1.9358992631168803e-06
133.33332538604736 133.33332538604736 -2.2491089879395076e-06
130.7713747024536 133.33332538604736 26.01204514503479
261.5427494049072 -133.33332538604736 52.02409029006958
384.7266674041748 -400.0 103.04855108261108
377.1392345428467 -400.0 128.06096076965332
123.18394184112549 133.33332538604736 51.024460792541504
246.36788368225098 -133.33332538604736 102.04892158508301
357.23047256469727 -400.0 176.1249542236328
344.909143447876 -400.0 199.1765260696411
110.8626127243042 133.33332538604736 74.0760326385498
221.7252254486084 -133.33332538604736 148.1520652770996
316.00613594055176 -400.0 242.43297576904297
299.424409866333 -400.0 262.6378536224365
94.28090453147888 133.33332538604736 94.28090453147888
188.5617971420288 -133.33332538604736 188.5617971420288
262.6378297805786 -400.0 299.424409866333
242.43297576904297 -400.0 316.00613594055176
74.0760326385498 133.33332538604736 110.8626127243042
148.1520652770996 -133.33332538604736 221.7252254486084
199.1765260696411 -400.0 344.9091672897339
176.1249542236328 -400.0 357.23047256469727
51.024460792541504 133.33332538604736 123.18394184112549
102.04892158508301 -133.33332538604736 246.36788368225098
128.06096076965332 -400.0 377.1392345428467
103.04853916168213 -400.0 384.7266674041748
26.01204514503479 133.33332538604736 130.7713747024536
52.02409029006958 -133.33332538604736 261.5427494049072
52.0240843296051 -400.0 394.8760747909546
26.01204216480255 -400.0 397.43804931640625
1.0177663156696326e-06 133.33332538604736 133.33333730697632
1.4448499285890648e-06 -133.33332538604736 266.6666507720947
-26.01204514503479 -400.0 397.43802547454834
-52.02409029006958 -400.0 394.8760509490967
-26.01204514503479 133.33332538604736 130.7713747024536
-52.02409029006958 -133.33332538604736 261.5427494049072
-103.04855108261108 -400.0 384.7266674041748
-128.06096076965332 -400.0 377.1392345428467
-51.024460792541504 133.33332538604736 123.18394184112549
-102.04892158508301 -133.33332538604736 246.36788368225098
-176.1249542236328 -400.0 357.23047256469727
-199.1765260696411 -400.0 344.909143447876
-74.0760326385498 133.33332538604736 110.8626127243042
-148.1520652770996 -133.33332538604736 221.7252254486084
-242.43297576904297 -400.0 316.00613594055176
-262.6378536224365 -400.0 299.424409866333
-94.28090453147888 133.33332538604736 94.28090453147888
-188.5617971420288 -133.33332538604736 188.5617971420288
-299.424409866333 -400.0 262.6378297805786
-316.00613594055176 -400.0 242.43297576904297
-110.8626127243042 133.33332538604736 74.07602667808533
-221.7252254486084 -133.33332538604736 148.1520652770996
-344.9091672897339 -400.0 199.1765260696411
-357.23047256469727 -400.0 176.1249542236328
-123.18394184112549 133.33332538604736 51.024460792541504
-246.36788368225098 -133.33332538604736 102.04892158508301
-377.1392345428467 -400.0 128.06096076965332
-384.7266674041748 -400.0 103.04853916168213
-130.7713747024536 133.33332538604736 26.01204216480255
-261.5427494049072 -133.33332538604736 52.02409029006958
-394.8760747909546 -400.0 52.0240843296051
-397.43804931640625 -400.0 26.01204216480255
-133.33333730697632 133.33332538604736 -6.425260767883856e-07
-266.6666507720947 -133.33332538604736 -9.31495858225162e-07
-397.43802547454834 -400.0 -26.01204514503479
-394.8760509490967 -400.0 -52.02409029006958
-130.7713747024536 133.33332538604736 -26.01204812526703
-261.5427494049072 -133.33332538604736 -52.02409029006958
-384.7266674041748 -400.0 -103.04855108261108
-377.1392345428467 -400.0 -128.06096076965332
-123.18394184112549 133.33332538604736 -51.024460792541504
-246.36788368225098 -133.33332538604736 -102.04892158508301
-357.23047256469727 -400.0 -176.1249542236328
-344.909143447876 -400.0 -199.1765260696411
-110.8626127243042 133.33332538604736 -74.0760326385498
-221.7252254486084 -133.33332538604736 -148.1520652770996
-316.00613594055176 -400.0 -242.43297576904297
-299.424409866333 -400.0 -262.6378536224365
-94.28090453147888 133.33332538604736 -94.28090453147888
-188.5617971420288 -133.33332538604736 -188.5617971420288
-262.6378297805786 -400.0 -299.424409866333
-242.43297576904297 -400.0 -316.00613594055176
-74.0760326385498 133.33332538604736 -110.8626127243042
-148.1520652770996 -133.33332538604736 -221.7252254486084
-199.1765260696411 -400.0 -344.9091672897339
-176.1249542236328 -400.0 -357.23047256469727
-51.024460792541504 133.33332538604736 -123.18394184112549
-102.04892158508301 -133.33332538604736 -246.36788368225098
-128.06096076965332 -400.0 -377.1392345428467
-103.04853916168213 -400.0 -384.7266674041748
-26.01204812526703 133.33332538604736 -130.7713747024536
-52.02409029006958 -133.33332538604736 -261.5427494049072
-52.0240843296051 -400.0 -394.8760747909546
-26.01204216480255 -400.0 -397.43804931640625
-2.686404876328652e-06 133.33332538604736 -133.33333730697632
2.4142110532920924e-06 -133.33332538604736 -266.6666507720947
26.01204514503479 -400.0 -397.43802547454834
52.02409029006958 -400.0 -394.8760509490967
26.01204514503479 133.33332538604736 -130.7713747024536
52.02409029006958 -133.33332538604736 -261.5427494049072
103.04855108261108 -400.0 -384.7266674041748
128.06096076965332 -400.0 -377.1392345428467
51.024460792541504 133.33332538604736 -123.18394184112549
102.04892158508301 -133.33332538604736 -246.36788368225098
176.1249542236328 -400.0 -357.23047256469727
199.1765260696411 -400.0 -344.909143447876
74.0760326385498 133.33332538604736 -110.8626127243042
148.1520652770996 -133.33332538604736 -221.7252254486084
242.43297576904297 -400.0 -316.00613594055176
262.6378536224365 -400.0 -299.424409866333
94.28090453147888 133.33332538604736 -94.28090453147888
188.5617971420288 -133.33332538604736 -188.5617971420288
299.424409866333 -400.0 -262.6378297805786
316.00613594055176 -400.0 -242.43297576904297
110.8626127243042 133.33332538604736 -74.0760326385498
221.7252254486084 -133.33332538604736 -148.1520652770996
344.9091672897339 -400.0 -199.1765260696411
357.23047256469727 -400.0 -176.1249542236328
123.18394184112549 133.33332538604736 -51.024460792541504
246.36788368225098 -133.33332538604736 -102.04892158508301
377.1392345428467 -400.0 -128.06096076965332
384.7266674041748 -400.0 -103.04853916168213
130.7713747024536 133.33332538604736 -26.01204514503479
261.5427494049072 -133.33332538604736 -52.02409029006958
394.8760747909546 -400.0 -52.0240843296051
397.43804931640625 -400.0 -26.01204216480255
264.104700088501 -133.33334922790527 -26.01204216480255
253.9553165435791 -133.33334922790527 -77.03649997711182
234.0465545654297 -133.33334922790527 -125.10049343109131
205.14349937438965 -133.33334922790527 -168.3569312095642
168.35694313049316 -133.33334922790527 -205.14352321624756
125.10049343109131 -133.33334922790527 -234.0465545654297
77.0365059375763 -133.33334922790527 -253.9553165435791
26.01204514503479 -133.33334922790527 -264.104700088501
-26.01204216480255 -133.33334922790527 -264.104700088501
-77.0365059375763 -133.33334922790527 -253.9553165435791
-125.10049343109131 -133.33334922790527 -234.0465545654297
-168.3569312095642 -133.33334922790527 -205.14349937438965
-205.14352321624756 -133.33334922790527 -168.35694313049316
-234.0465545654297 -133.33334922790527 -125.10049343109131
-253.9553165435791 -133.33334922790527 -77.0365059375763
-264.104700088501 -133.33334922790527 -26.01204514503479
-264.104700088501 -133.33334922790527 26.01204216480255
-253.9553165435791 -133.33334922790527 77.03649997711182
-234.0465545654297 -133.33334922790527 125.10049343109131
-205.14349937438965 -133.33334922790527 168.3569312095642
-168.35694313049316 -133.33334922790527 205.14352321624756
-125.10049343109131 -133.33334922790527 234.0465545654297
-77.0365059375763 -133.33334922790527 253.9553165435791
-26.01204514503479 -133.33334922790527 264.104700088501
26.01204216480255 -133.33334922790527 264.104700088501
77.03649997711182 -133.33334922790527 253.9553165435791
125.10049343109131 -133.33334922790527 234.0465545654297
168.3569312095642 -133.33334922790527 205.14349937438965
205.14352321624756 -133.33334922790527 168.35694313049316
234.0465545654297 -133.33334922790527 125.10049343109131
253.9553165435791 -133.33334922790527 77.0365059375763
264.104700088501 -133.33334922790527 26.01204514503479
