1.000 0.000 0.000
0.992 0.126 0.010
0.968 0.249 0.020
0.929 0.369 0.030
0.876 0.483 0.040
0.808 0.589 0.050
0.728 0.686 0.060
0.636 0.772 0.070
0.534 0.845 0.080
0.424 0.906 0.090
0.307 0.952 0.100
0.185 0.983 0.110
0.060 0.998 0.120
-0.066 0.998 0.130
-0.191 0.982 0.140
-0.313 0.950 0.150
-0.429 0.903 0.160
-0.539 0.842 0.170
-0.641 0.768 0.180
-0.732 0.681 0.190
-0.812 0.584 0.200
-0.879 0.477 0.210
-0.932 0.363 0.220
-0.970 0.243 0.230
-0.993 0.119 0.240
-1.000 -0.006 0.251
-0.991 -0.132 0.261
-0.967 -0.255 0.271
-0.927 -0.375 0.281
-0.873 -0.488 0.291
-0.805 -0.594 0.301
-0.724 -0.690 0.311
-0.631 -0.776 0.321
-0.529 -0.849 0.331
-0.418 -0.908 0.341
-0.301 -0.954 0.351
-0.178 -0.984 0.361
-0.053 -0.999 0.371
0.072 -0.997 0.381
0.197 -0.980 0.391
0.319 -0.948 0.401
0.435 -0.900 0.411
0.545 -0.839 0.421
0.646 -0.764 0.431
0.737 -0.676 0.441
0.816 -0.579 0.451
0.882 -0.472 0.461
0.934 -0.357 0.471
0.972 -0.237 0.481
0.994 -0.113 0.491
1.000 0.013 0.501
0.990 0.138 0.511
0.965 0.261 0.521
0.925 0.381 0.531
0.870 0.494 0.541
0.801 0.599 0.551
0.719 0.695 0.561
0.626 0.780 0.571
0.523 0.852 0.581
0.412 0.911 0.591
0.295 0.956 0.601
0.172 0.985 0.611
0.047 0.999 0.621
-0.079 0.997 0.631
-0.203 0.979 0.641
-0.325 0.946 0.651
-0.441 0.898 0.661
-0.550 0.835 0.671
-0.651 0.759 0.681
-0.741 0.672 0.691
-0.819 0.573 0.701
-0.885 0.466 0.711
-0.936 0.351 0.721
-0.973 0.231 0.731
-0.994 0.107 0.741
-1.000 -0.019 0.752
-0.990 -0.144 0.762
-0.964 -0.267 0.772
-0.922 -0.386 0.782
-0.867 -0.499 0.792
-0.797 -0.604 0.802
-0.715 -0.699 0.812
-0.621 -0.784 0.822
-0.518 -0.855 0.832
-0.407 -0.914 0.842
-0.289 -0.957 0.852
-0.166 -0.986 0.862
-0.041 -0.999 0.872
0.085 -0.996 0.882
0.209 -0.978 0.892
0.330 -0.944 0.902
0.446 -0.895 0.912
0.555 -0.832 0.922
0.655 -0.755 0.932
0.745 -0.667 0.942
0.823 -0.568 0.952
0.888 -0.460 0.962
0.938 -0.345 0.972
0.974 -0.225 0.982
0.995 -0.101 0.992
1.000 0.025 1.002
0.989 0.151 1.012
0.962 0.273 1.022
0.920 0.392 1.032
0.863 0.505 1.042
0.793 0.609 1.052
0.710 0.704 1.062
0.616 0.787 1.072
0.513 0.859 1.082
0.401 0.916 1.092
0.283 0.959 1.102
0.160 0.987 1.112
0.035 0.999 1.122
-0.091 0.996 1.132
-0.216 0.977 1.142
-0.336 0.942 1.152
-0.452 0.892 1.162
-0.560 0.828 1.172
-0.660 0.751 1.182
-0.749 0.662 1.192
-0.826 0.563 1.202
-0.891 0.455 1.212
-0.941 0.339 1.222
-0.976 0.219 1.232
-0.996 0.094 1.242
-1.000 -0.031 1.253
-0.988 -0.157 1.263
-0.960 -0.280 1.273
-0.917 -0.398 1.283
-0.860 -0.510 1.293
-0.789 -0.614 1.303
-0.706 -0.708 1.313
-0.611 -0.791 1.323
-0.507 -0.862 1.333
-0.395 -0.919 1.343
-0.277 -0.961 1.353
-0.154 -0.988 1.363
-0.028 -1.000 1.373
0.097 -0.995 1.383
0.222 -0.975 1.393
0.342 -0.940 1.403
0.458 -0.889 1.413
0.566 -0.825 1.423
0.665 -0.747 1.433
0.753 -0.658 1.443
0.830 -0.558 1.453
0.893 -0.449 1.463
0.943 -0.333 1.473
0.977 -0.212 1.483
0.996 -0.088 1.493
0.999 0.038 1.503
0.987 0.163 1.513
0.958 0.286 1.523
0.915 0.404 1.533
0.857 0.515 1.543
0.785 0.619 1.553
0.702 0.713 1.563
0.606 0.795 1.573
0.502 0.865 1.583
0.389 0.921 1.593
0.270 0.963 1.603
0.147 0.989 1.613
0.022 1.000 1.623
-0.104 0.995 1.633
-0.228 0.974 1.643
-0.348 0.937 1.653
-0.463 0.886 1.663
-0.571 0.821 1.673
-0.669 0.743 1.683
-0.757 0.653 1.693
-0.833 0.553 1.703
-0.896 0.444 1.713
-0.945 0.328 1.723
-0.978 0.206 1.733
-0.997 0.082 1.743
-0.999 -0.044 1.754
-0.986 -0.169 1.764
-0.957 -0.292 1.774
-0.912 -0.409 1.784
-0.854 -0.521 1.794
-0.782 -0.624 1.804
-0.697 -0.717 1.814
-0.601 -0.799 1.824
-0.496 -0.868 1.834
-0.383 -0.924 1.844
-0.264 -0.964 1.854
-0.141 -0.990 1.864
-0.016 -1.000 1.874
0.110 -0.994 1.884
0.234 -0.972 1.894
0.354 -0.935 1.904
0.469 -0.883 1.914
0.576 -0.817 1.924
0.674 -0.739 1.934
0.762 -0.648 1.944
0.837 -0.547 1.954
0.899 -0.438 1.964
0.947 -0.322 1.974
0.980 -0.200 1.984
0.997 -0.075 1.994
0.999 0.050 2.004
0.985 0.175 2.014
0.955 0.298 2.024
0.910 0.415 2.034
0.850 0.526 2.044
0.778 0.629 2.054
0.692 0.721 2.064
0.596 0.803 2.074
0.491 0.871 2.084
0.378 0.926 2.094
0.258 0.966 2.104
0.135 0.991 2.114
0.009 1.000 2.124
-0.116 0.993 2.134
-0.240 0.971 2.144
-0.360 0.933 2.154
-0.474 0.880 2.164
-0.581 0.814 2.174
-0.679 0.734 2.184
-0.766 0.643 2.194
-0.840 0.542 2.204
-0.902 0.432 2.214
-0.949 0.316 2.224
-0.981 0.194 2.234
-0.998 0.069 2.244
-0.998 -0.057 2.255
-0.983 -0.182 2.265
-0.953 -0.304 2.275
-0.907 -0.421 2.285
-0.847 -0.531 2.295
-0.774 -0.634 2.305
-0.688 -0.726 2.315
-0.591 -0.806 2.325
-0.485 -0.874 2.335
-0.372 -0.928 2.345
-0.252 -0.968 2.355
-0.129 -0.992 2.365
-0.003 -1.000 2.375
0.122 -0.992 2.385
0.246 -0.969 2.395
0.366 -0.931 2.405
0.480 -0.877 2.415
0.586 -0.810 2.425
0.683 -0.730 2.435
0.770 -0.638 2.445
0.844 -0.537 2.455
0.904 -0.427 2.465
0.951 -0.310 2.475
0.982 -0.188 2.485
0.998 -0.063 2.495
0.998 0.063 2.505
0.982 0.188 2.515
0.951 0.310 2.525
0.904 0.427 2.535
0.844 0.537 2.545
0.770 0.638 2.555
0.683 0.730 2.565
0.586 0.810 2.575
0.480 0.877 2.585
0.366 0.931 2.595
0.246 0.969 2.605
0.122 0.992 2.615
-0.003 1.000 2.625
-0.129 0.992 2.635
-0.252 0.968 2.645
-0.372 0.928 2.655
-0.485 0.874 2.665
-0.591 0.806 2.675
-0.688 0.726 2.685
-0.774 0.634 2.695
-0.847 0.531 2.705
-0.907 0.421 2.715
-0.953 0.304 2.725
-0.983 0.182 2.735
-0.998 0.057 2.745
-0.998 -0.069 2.756
-0.981 -0.194 2.766
-0.949 -0.316 2.776
-0.902 -0.432 2.786
-0.840 -0.542 2.796
-0.766 -0.643 2.806
-0.679 -0.734 2.816
-0.581 -0.814 2.826
-0.474 -0.880 2.836
-0.360 -0.933 2.846
-0.240 -0.971 2.856
-0.116 -0.993 2.866
0.009 -1.000 2.876
0.135 -0.991 2.886
0.258 -0.966 2.896
0.378 -0.926 2.906
0.491 -0.871 2.916
0.596 -0.803 2.926
0.692 -0.721 2.936
0.778 -0.629 2.946
0.850 -0.526 2.956
0.910 -0.415 2.966
0.955 -0.298 2.976
0.985 -0.175 2.986
0.999 -0.050 2.996
0.997 0.075 3.006
0.980 0.200 3.016
0.947 0.322 3.026
0.899 0.438 3.036
0.837 0.547 3.046
0.762 0.648 3.056
0.674 0.739 3.066
0.576 0.817 3.076
0.469 0.883 3.086
0.354 0.935 3.096
0.234 0.972 3.106
0.110 0.994 3.116
-0.016 1.000 3.126
-0.141 0.990 3.136
-0.264 0.964 3.146
-0.383 0.924 3.156
-0.496 0.868 3.166
-0.601 0.799 3.176
-0.697 0.717 3.186
-0.782 0.624 3.196
-0.854 0.521 3.206
-0.912 0.409 3.216
-0.957 0.292 3.226
-0.986 0.169 3.236
-0.999 0.044 3.246
-0.997 -0.082 3.257
-0.978 -0.206 3.267
-0.945 -0.328 3.277
-0.896 -0.444 3.287
-0.833 -0.553 3.297
-0.757 -0.653 3.307
-0.669 -0.743 3.317
-0.571 -0.821 3.327
-0.463 -0.886 3.337
-0.348 -0.937 3.347
-0.228 -0.974 3.357
-0.104 -0.995 3.367
0.022 -1.000 3.377
0.147 -0.989 3.387
0.270 -0.963 3.397
0.389 -0.921 3.407
0.502 -0.865 3.417
0.606 -0.795 3.427
0.702 -0.713 3.437
0.785 -0.619 3.447
0.857 -0.515 3.457
0.915 -0.404 3.467
0.958 -0.286 3.477
0.987 -0.163 3.487
0.999 -0.038 3.497
0.996 0.088 3.507
0.977 0.212 3.517
0.943 0.333 3.527
0.893 0.449 3.537
0.830 0.558 3.547
0.753 0.658 3.557
0.665 0.747 3.567
0.566 0.825 3.577
0.458 0.889 3.587
0.342 0.940 3.597
0.222 0.975 3.607
0.097 0.995 3.617
-0.028 1.000 3.627
-0.154 0.988 3.637
-0.277 0.961 3.647
-0.395 0.919 3.657
-0.507 0.862 3.667
-0.611 0.791 3.677
-0.706 0.708 3.687
-0.789 0.614 3.697
-0.860 0.510 3.707
-0.917 0.398 3.717
-0.960 0.280 3.727
-0.988 0.157 3.737
-1.000 0.031 3.747
-0.996 -0.094 3.758
-0.976 -0.219 3.768
-0.941 -0.339 3.778
-0.891 -0.455 3.788
-0.826 -0.563 3.798
-0.749 -0.662 3.808
-0.660 -0.751 3.818
-0.560 -0.828 3.828
-0.452 -0.892 3.838
-0.336 -0.942 3.848
-0.216 -0.977 3.858
-0.091 -0.996 3.868
0.035 -0.999 3.878
0.160 -0.987 3.888
0.283 -0.959 3.898
0.401 -0.916 3.908
0.513 -0.859 3.918
0.616 -0.787 3.928
0.710 -0.704 3.938
0.793 -0.609 3.948
0.863 -0.505 3.958
0.920 -0.392 3.968
0.962 -0.273 3.978
0.989 -0.151 3.988
1.000 -0.025 3.998
0.995 0.101 4.008
0.974 0.225 4.018
0.938 0.345 4.028
0.888 0.460 4.038
0.823 0.568 4.048
0.745 0.667 4.058
0.655 0.755 4.068
0.555 0.832 4.078
0.446 0.895 4.088
0.330 0.944 4.098
0.209 0.978 4.108
0.085 0.996 4.118
-0.041 0.999 4.128
-0.166 0.986 4.138
-0.289 0.957 4.148
-0.407 0.914 4.158
-0.518 0.855 4.168
-0.621 0.784 4.178
-0.715 0.699 4.188
-0.797 0.604 4.198
-0.867 0.499 4.208
-0.922 0.386 4.218
-0.964 0.267 4.228
-0.990 0.144 4.238
-1.000 0.019 4.248
-0.994 -0.107 4.259
-0.973 -0.231 4.269
-0.936 -0.351 4.279
-0.885 -0.466 4.289
-0.819 -0.573 4.299
-0.741 -0.672 4.309
-0.651 -0.759 4.319
-0.550 -0.835 4.329
-0.441 -0.898 4.339
-0.325 -0.946 4.349
-0.203 -0.979 4.359
-0.079 -0.997 4.369
0.047 -0.999 4.379
0.172 -0.985 4.389
0.295 -0.956 4.399
0.412 -0.911 4.409
0.523 -0.852 4.419
0.626 -0.780 4.429
0.719 -0.695 4.439
0.801 -0.599 4.449
0.870 -0.494 4.459
0.925 -0.381 4.469
0.965 -0.261 4.479
0.990 -0.138 4.489
1.000 -0.013 4.499
0.994 0.113 4.509
0.972 0.237 4.519
0.934 0.357 4.529
0.882 0.472 4.539
0.816 0.579 4.549
0.737 0.676 4.559
0.646 0.764 4.569
0.545 0.839 4.579
0.435 0.900 4.589
0.319 0.948 4.599
0.197 0.980 4.609
0.072 0.997 4.619
-0.053 0.999 4.629
-0.178 0.984 4.639
-0.301 0.954 4.649
-0.418 0.908 4.659
-0.529 0.849 4.669
-0.631 0.776 4.679
-0.724 0.690 4.689
-0.805 0.594 4.699
-0.873 0.488 4.709
-0.927 0.375 4.719
-0.967 0.255 4.729
-0.991 0.132 4.739
-1.000 0.006 4.749
-0.993 -0.119 4.760
-0.970 -0.243 4.770
-0.932 -0.363 4.780
-0.879 -0.477 4.790
-0.812 -0.584 4.800
-0.732 -0.681 4.810
-0.641 -0.768 4.820
-0.539 -0.842 4.830
-0.429 -0.903 4.840
-0.313 -0.950 4.850
-0.191 -0.982 4.860
-0.066 -0.998 4.870
0.060 -0.998 4.880
0.185 -0.983 4.890
0.307 -0.952 4.900
0.424 -0.906 4.910
0.534 -0.845 4.920
0.636 -0.772 4.930
0.728 -0.686 4.940
0.808 -0.589 4.950
0.876 -0.483 4.960
0.929 -0.369 4.970
0.968 -0.249 4.980
0.992 -0.126 4.990
1.000 -0.000 5.000
-1.000 0.000 0.000
-0.992 -0.126 0.010
-0.968 -0.249 0.020
-0.929 -0.369 0.030
-0.876 -0.483 0.040
-0.808 -0.589 0.050
-0.728 -0.686 0.060
-0.636 -0.772 0.070
-0.534 -0.845 0.080
-0.424 -0.906 0.090
-0.307 -0.952 0.100
-0.185 -0.983 0.110
-0.060 -0.998 0.120
0.066 -0.998 0.130
0.191 -0.982 0.140
0.313 -0.950 0.150
0.429 -0.903 0.160
0.539 -0.842 0.170
0.641 -0.768 0.180
0.732 -0.681 0.190
0.812 -0.584 0.200
0.879 -0.477 0.210
0.932 -0.363 0.220
0.970 -0.243 0.230
0.993 -0.119 0.240
1.000 0.006 0.251
0.991 0.132 0.261
0.967 0.255 0.271
0.927 0.375 0.281
0.873 0.488 0.291
0.805 0.594 0.301
0.724 0.690 0.311
0.631 0.776 0.321
0.529 0.849 0.331
0.418 0.908 0.341
0.301 0.954 0.351
0.178 0.984 0.361
0.053 0.999 0.371
-0.072 0.997 0.381
-0.197 0.980 0.391
-0.319 0.948 0.401
-0.435 0.900 0.411
-0.545 0.839 0.421
-0.646 0.764 0.431
-0.737 0.676 0.441
-0.816 0.579 0.451
-0.882 0.472 0.461
-0.934 0.357 0.471
-0.972 0.237 0.481
-0.994 0.113 0.491
-1.000 -0.013 0.501
-0.990 -0.138 0.511
-0.965 -0.261 0.521
-0.925 -0.381 0.531
-0.870 -0.494 0.541
-0.801 -0.599 0.551
-0.719 -0.695 0.561
-0.626 -0.780 0.571
-0.523 -0.852 0.581
-0.412 -0.911 0.591
-0.295 -0.956 0.601
-0.172 -0.985 0.611
-0.047 -0.999 0.621
0.079 -0.997 0.631
0.203 -0.979 0.641
0.325 -0.946 0.651
0.441 -0.898 0.661
0.550 -0.835 0.671
0.651 -0.759 0.681
0.741 -0.672 0.691
0.819 -0.573 0.701
0.885 -0.466 0.711
0.936 -0.351 0.721
0.973 -0.231 0.731
0.994 -0.107 0.741
1.000 0.019 0.752
0.990 0.144 0.762
0.964 0.267 0.772
0.922 0.386 0.782
0.867 0.499 0.792
0.797 0.604 0.802
0.715 0.699 0.812
0.621 0.784 0.822
0.518 0.855 0.832
0.407 0.914 0.842
0.289 0.957 0.852
0.166 0.986 0.862
0.041 0.999 0.872
-0.085 0.996 0.882
-0.209 0.978 0.892
-0.330 0.944 0.902
-0.446 0.895 0.912
-0.555 0.832 0.922
-0.655 0.755 0.932
-0.745 0.667 0.942
-0.823 0.568 0.952
-0.888 0.460 0.962
-0.938 0.345 0.972
-0.974 0.225 0.982
-0.995 0.101 0.992
-1.000 -0.025 1.002
-0.989 -0.151 1.012
-0.962 -0.273 1.022
-0.920 -0.392 1.032
-0.863 -0.505 1.042
-0.793 -0.609 1.052
-0.710 -0.704 1.062
-0.616 -0.787 1.072
-0.513 -0.859 1.082
-0.401 -0.916 1.092
-0.283 -0.959 1.102
-0.160 -0.987 1.112
-0.035 -0.999 1.122
0.091 -0.996 1.132
0.216 -0.977 1.142
0.336 -0.942 1.152
0.452 -0.892 1.162
0.560 -0.828 1.172
0.660 -0.751 1.182
0.749 -0.662 1.192
0.826 -0.563 1.202
0.891 -0.455 1.212
0.941 -0.339 1.222
0.976 -0.219 1.232
0.996 -0.094 1.242
1.000 0.031 1.253
0.988 0.157 1.263
0.960 0.280 1.273
0.917 0.398 1.283
0.860 0.510 1.293
0.789 0.614 1.303
0.706 0.708 1.313
0.611 0.791 1.323
0.507 0.862 1.333
0.395 0.919 1.343
0.277 0.961 1.353
0.154 0.988 1.363
0.028 1.000 1.373
-0.097 0.995 1.383
-0.222 0.975 1.393
-0.342 0.940 1.403
-0.458 0.889 1.413
-0.566 0.825 1.423
-0.665 0.747 1.433
-0.753 0.658 1.443
-0.830 0.558 1.453
-0.893 0.449 1.463
-0.943 0.333 1.473
-0.977 0.212 1.483
-0.996 0.088 1.493
-0.999 -0.038 1.503
-0.987 -0.163 1.513
-0.958 -0.286 1.523
-0.915 -0.404 1.533
-0.857 -0.515 1.543
-0.785 -0.619 1.553
-0.702 -0.713 1.563
-0.606 -0.795 1.573
-0.502 -0.865 1.583
-0.389 -0.921 1.593
-0.270 -0.963 1.603
-0.147 -0.989 1.613
-0.022 -1.000 1.623
0.104 -0.995 1.633
0.228 -0.974 1.643
0.348 -0.937 1.653
0.463 -0.886 1.663
0.571 -0.821 1.673
0.669 -0.743 1.683
0.757 -0.653 1.693
0.833 -0.553 1.703
0.896 -0.444 1.713
0.945 -0.328 1.723
0.978 -0.206 1.733
0.997 -0.082 1.743
0.999 0.044 1.754
0.986 0.169 1.764
0.957 0.292 1.774
0.912 0.409 1.784
0.854 0.521 1.794
0.782 0.624 1.804
0.697 0.717 1.814
0.601 0.799 1.824
0.496 0.868 1.834
0.383 0.924 1.844
0.264 0.964 1.854
0.141 0.990 1.864
0.016 1.000 1.874
-0.110 0.994 1.884
-0.234 0.972 1.894
-0.354 0.935 1.904
-0.469 0.883 1.914
-0.576 0.817 1.924
-0.674 0.739 1.934
-0.762 0.648 1.944
-0.837 0.547 1.954
-0.899 0.438 1.964
-0.947 0.322 1.974
-0.980 0.200 1.984
-0.997 0.075 1.994
-0.999 -0.050 2.004
-0.985 -0.175 2.014
-0.955 -0.298 2.024
-0.910 -0.415 2.034
-0.850 -0.526 2.044
-0.778 -0.629 2.054
-0.692 -0.721 2.064
-0.596 -0.803 2.074
-0.491 -0.871 2.084
-0.378 -0.926 2.094
-0.258 -0.966 2.104
-0.135 -0.991 2.114
-0.009 -1.000 2.124
0.116 -0.993 2.134
0.240 -0.971 2.144
0.360 -0.933 2.154
0.474 -0.880 2.164
0.581 -0.814 2.174
0.679 -0.734 2.184
0.766 -0.643 2.194
0.840 -0.542 2.204
0.902 -0.432 2.214
0.949 -0.316 2.224
0.981 -0.194 2.234
0.998 -0.069 2.244
0.998 0.057 2.255
0.983 0.182 2.265
0.953 0.304 2.275
0.907 0.421 2.285
0.847 0.531 2.295
0.774 0.634 2.305
0.688 0.726 2.315
0.591 0.806 2.325
0.485 0.874 2.335
0.372 0.928 2.345
0.252 0.968 2.355
0.129 0.992 2.365
0.003 1.000 2.375
-0.122 0.992 2.385
-0.246 0.969 2.395
-0.366 0.931 2.405
-0.480 0.877 2.415
-0.586 0.810 2.425
-0.683 0.730 2.435
-0.770 0.638 2.445
-0.844 0.537 2.455
-0.904 0.427 2.465
-0.951 0.310 2.475
-0.982 0.188 2.485
-0.998 0.063 2.495
-0.998 -0.063 2.505
-0.982 -0.188 2.515
-0.951 -0.310 2.525
-0.904 -0.427 2.535
-0.844 -0.537 2.545
-0.770 -0.638 2.555
-0.683 -0.730 2.565
-0.586 -0.810 2.575
-0.480 -0.877 2.585
-0.366 -0.931 2.595
-0.246 -0.969 2.605
-0.122 -0.992 2.615
0.003 -1.000 2.625
0.129 -0.992 2.635
0.252 -0.968 2.645
0.372 -0.928 2.655
0.485 -0.874 2.665
0.591 -0.806 2.675
0.688 -0.726 2.685
0.774 -0.634 2.695
0.847 -0.531 2.705
0.907 -0.421 2.715
0.953 -0.304 2.725
0.983 -0.182 2.735
0.998 -0.057 2.745
0.998 0.069 2.756
0.981 0.194 2.766
0.949 0.316 2.776
0.902 0.432 2.786
0.840 0.542 2.796
0.766 0.643 2.806
0.679 0.734 2.816
0.581 0.814 2.826
0.474 0.880 2.836
0.360 0.933 2.846
0.240 0.971 2.856
0.116 0.993 2.866
-0.009 1.000 2.876
-0.135 0.991 2.886
-0.258 0.966 2.896
-0.378 0.926 2.906
-0.491 0.871 2.916
-0.596 0.803 2.926
-0.692 0.721 2.936
-0.778 0.629 2.946
-0.850 0.526 2.956
-0.910 0.415 2.966
-0.955 0.298 2.976
-0.985 0.175 2.986
-0.999 0.050 2.996
-0.997 -0.075 3.006
-0.980 -0.200 3.016
-0.947 -0.322 3.026
-0.899 -0.438 3.036
-0.837 -0.547 3.046
-0.762 -0.648 3.056
-0.674 -0.739 3.066
-0.576 -0.817 3.076
-0.469 -0.883 3.086
-0.354 -0.935 3.096
-0.234 -0.972 3.106
-0.110 -0.994 3.116
0.016 -1.000 3.126
0.141 -0.990 3.136
0.264 -0.964 3.146
0.383 -0.924 3.156
0.496 -0.868 3.166
0.601 -0.799 3.176
0.697 -0.717 3.186
0.782 -0.624 3.196
0.854 -0.521 3.206
0.912 -0.409 3.216
0.957 -0.292 3.226
0.986 -0.169 3.236
0.999 -0.044 3.246
0.997 0.082 3.257
0.978 0.206 3.267
0.945 0.328 3.277
0.896 0.444 3.287
0.833 0.553 3.297
0.757 0.653 3.307
0.669 0.743 3.317
0.571 0.821 3.327
0.463 0.886 3.337
0.348 0.937 3.347
0.228 0.974 3.357
0.104 0.995 3.367
-0.022 1.000 3.377
-0.147 0.989 3.387
-0.270 0.963 3.397
-0.389 0.921 3.407
-0.502 0.865 3.417
-0.606 0.795 3.427
-0.702 0.713 3.437
-0.785 0.619 3.447
-0.857 0.515 3.457
-0.915 0.404 3.467
-0.958 0.286 3.477
-0.987 0.163 3.487
-0.999 0.038 3.497
-0.996 -0.088 3.507
-0.977 -0.212 3.517
-0.943 -0.333 3.527
-0.893 -0.449 3.537
-0.830 -0.558 3.547
-0.753 -0.658 3.557
-0.665 -0.747 3.567
-0.566 -0.825 3.577
-0.458 -0.889 3.587
-0.342 -0.940 3.597
-0.222 -0.975 3.607
-0.097 -0.995 3.617
0.028 -1.000 3.627
0.154 -0.988 3.637
0.277 -0.961 3.647
0.395 -0.919 3.657
0.507 -0.862 3.667
0.611 -0.791 3.677
0.706 -0.708 3.687
0.789 -0.614 3.697
0.860 -0.510 3.707
0.917 -0.398 3.717
0.960 -0.280 3.727
0.988 -0.157 3.737
1.000 -0.031 3.747
0.996 0.094 3.758
0.976 0.219 3.768
0.941 0.339 3.778
0.891 0.455 3.788
0.826 0.563 3.798
0.749 0.662 3.808
0.660 0.751 3.818
0.560 0.828 3.828
0.452 0.892 3.838
0.336 0.942 3.848
0.216 0.977 3.858
0.091 0.996 3.868
-0.035 0.999 3.878
-0.160 0.987 3.888
-0.283 0.959 3.898
-0.401 0.916 3.908
-0.513 0.859 3.918
-0.616 0.787 3.928
-0.710 0.704 3.938
-0.793 0.609 3.948
-0.863 0.505 3.958
-0.920 0.392 3.968
-0.962 0.273 3.978
-0.989 0.151 3.988
-1.000 0.025 3.998
-0.995 -0.101 4.008
-0.974 -0.225 4.018
-0.938 -0.345 4.028
-0.888 -0.460 4.038
-0.823 -0.568 4.048
-0.745 -0.667 4.058
-0.655 -0.755 4.068
-0.555 -0.832 4.078
-0.446 -0.895 4.088
-0.330 -0.944 4.098
-0.209 -0.978 4.108
-0.085 -0.996 4.118
0.041 -0.999 4.128
0.166 -0.986 4.138
0.289 -0.957 4.148
0.407 -0.914 4.158
0.518 -0.855 4.168
0.621 -0.784 4.178
0.715 -0.699 4.188
0.797 -0.604 4.198
0.867 -0.499 4.208
0.922 -0.386 4.218
0.964 -0.267 4.228
0.990 -0.144 4.238
1.000 -0.019 4.248
0.994 0.107 4.259
0.973 0.231 4.269
0.936 0.351 4.279
0.885 0.466 4.289
0.819 0.573 4.299
0.741 0.672 4.309
0.651 0.759 4.319
0.550 0.835 4.329
0.441 0.898 4.339
0.325 0.946 4.349
0.203 0.979 4.359
0.079 0.997 4.369
-0.047 0.999 4.379
-0.172 0.985 4.389
-0.295 0.956 4.399
-0.412 0.911 4.409
-0.523 0.852 4.419
-0.626 0.780 4.429
-0.719 0.695 4.439
-0.801 0.599 4.449
-0.870 0.494 4.459
-0.925 0.381 4.469
-0.965 0.261 4.479
-0.990 0.138 4.489
-1.000 0.013 4.499
-0.994 -0.113 4.509
-0.972 -0.237 4.519
-0.934 -0.357 4.529
-0.882 -0.472 4.539
-0.816 -0.579 4.549
-0.737 -0.676 4.559
-0.646 -0.764 4.569
-0.545 -0.839 4.579
-0.435 -0.900 4.589
-0.319 -0.948 4.599
-0.197 -0.980 4.609
-0.072 -0.997 4.619
0.053 -0.999 4.629
0.178 -0.984 4.639
0.301 -0.954 4.649
0.418 -0.908 4.659
0.529 -0.849 4.669
0.631 -0.776 4.679
0.724 -0.690 4.689
0.805 -0.594 4.699
0.873 -0.488 4.709
0.927 -0.375 4.719
0.967 -0.255 4.729
0.991 -0.132 4.739
1.000 -0.006 4.749
0.993 0.119 4.760
0.970 0.243 4.770
0.932 0.363 4.780
0.879 0.477 4.790
0.812 0.584 4.800
0.732 0.681 4.810
0.641 0.768 4.820
0.539 0.842 4.830
0.429 0.903 4.840
0.313 0.950 4.850
0.191 0.982 4.860
0.066 0.998 4.870
-0.060 0.998 4.880
-0.185 0.983 4.890
-0.307 0.952 4.900
-0.424 0.906 4.910
-0.534 0.845 4.920
-0.636 0.772 4.930
-0.728 0.686 4.940
-0.808 0.589 4.950
-0.876 0.483 4.960
-0.929 0.369 4.970
-0.968 0.249 4.980
-0.992 0.126 4.990
-1.000 -0.000 5.000
