260.0 -260.00006198883057 1.543658669334036e-05
-261.7950415611267 501.1841893196106 1.5474896457590148e-05
255.0041651725769 -260.00006198883057 50.72349578142166
-256.79922223091125 501.202073097229 50.72349578142166
-242.00382113456726 501.2550115585327 99.49770629405975
240.20867109298706 -260.00006198883057 99.49770629405975
-217.9773998260498 501.3409900665283 144.44826364517212
216.1820948123932 -260.00006198883057 144.44826364517212
-185.6432819366455 501.45666122436523 183.8477599620819
183.8477599620819 -260.00006198883057 183.8477599620819
-146.24403357505798 501.5976858139038 216.1820948123932
144.44826364517212 -260.00006198883057 216.1820948123932
-101.29377841949463 501.75851583480835 240.20867109298706
99.49769854545593 -260.00006198883057 240.20867109298706
-52.51987785100937 501.93304538726807 255.0041651725769
50.72348415851593 -260.00006198883057 255.0041651725769
-1.7967214342206717 502.1145486831665 260.0
-6.420643261506598e-07 -260.00006198883057 260.0
48.92643183469772 502.29605197906494 255.0041651725769
-50.72348415851593 -260.00006198883057 255.0041651725769
97.70033240318298 502.47061252593994 240.20867109298706
-99.49769854545593 -260.00006198883057 240.20867109298706
-144.44826364517212 -260.00006198883057 216.1820948123932
142.65060305595398 502.6314115524292 216.1820948123932
182.0498514175415 502.7724361419678 183.8477599620819
-183.8477599620819 -260.00006198883057 183.8477599620819
214.3839693069458 502.8881072998047 144.44826364517212
-216.1820948123932 -260.00006198883057 144.44826364517212
-240.20867109298706 -260.00006198883057 99.49770629405975
238.41039061546326 502.9740858078003 99.49770629405975
253.20579171180725 503.027024269104 50.72349578142166
-255.0041651725769 -260.00006198883057 50.72349578142166
-260.0 -260.00006198883057 1.544274411457991e-05
258.20159554481506 503.0449390411377 1.536493115850135e-05
253.20579171180725 503.027024269104 -50.72346478700638
-255.0041651725769 -260.00006198883057 -50.72346478700638
238.41039061546326 502.9740858078003 -99.49767529964447
-240.20867109298706 -260.00006198883057 -99.49767529964447
214.3839693069458 502.8881072998047 -144.44823265075684
-216.1820948123932 -260.00006198883057 -144.44823265075684
182.0498514175415 502.7724361419678 -183.84772896766663
-183.8477599620819 -260.00006198883057 -183.84772896766663
142.65060305595398 502.6314115524292 -216.1820638179779
-144.44826364517212 -260.00006198883057 -216.1820638179779
97.70033240318298 502.47061252593994 -240.20864009857178
-99.49769854545593 -260.00006198883057 -240.20864009857178
48.92643183469772 502.29605197906494 -255.00413417816162
-50.72348415851593 -260.00006198883057 -255.00413417816162
-1.7967215552926064 502.1145486831665 -259.9999690055847
-2.1356885038237294e-07 -260.00006198883057 -259.9999690055847
-52.51987785100937 501.93304538726807 -255.00413417816162
50.72348415851593 -260.00006198883057 -255.00413417816162
-101.29377841949463 501.75851583480835 -240.20864009857178
99.49769854545593 -260.00006198883057 -240.20864009857178
-146.24403357505798 501.5976858139038 -216.1820638179779
144.44826364517212 -260.00006198883057 -216.1820638179779
-185.6432819366455 501.45666122436523 -183.84772896766663
183.8477599620819 -260.00006198883057 -183.84772896766663
-217.9773998260498 501.3409900665283 -144.44823265075684
216.1820948123932 -260.00006198883057 -144.44823265075684
-242.00382113456726 501.2550115585327 -99.49767529964447
240.20867109298706 -260.00006198883057 -99.49767529964447
-256.79922223091125 501.202073097229 -50.72346478700638
255.0041651725769 -260.00006198883057 -50.72346478700638
67.86275267601013 121.61540627479553 13.498756512999535
69.19108033180237 121.61778509616852 1.5505397215065386e-05
63.93630653619766 121.59161806106567 26.483300179243088
67.84625589847565 121.59860730171204 13.581935837864876
57.55956590175629 121.5473347902298 38.46008658409119
63.872771859169006 121.55863225460052 26.63698211312294
48.97267937660217 121.48428440093994 48.972690999507904
57.4256506562233 121.49940967559814 38.660852909088135
48.75579595565796 121.42325639724731 49.18996572494507
38.499639332294464 121.40489995479584 57.61879235506058
38.1998535990715 121.33313238620758 57.81951993703842
26.53673842549324 121.31227314472198 64.0653595328331
26.166769713163376 121.23256325721741 64.21903371810913
13.538290858268738 121.20996057987213 68.0615895986557
13.121541887521744 121.12540781497955 68.14491033554077
2.8249804301383463e-08 121.10193729400635 69.44901585578918
-13.559518158435822 120.99234879016876 68.16831111907959
-0.43301598401740193 121.01583480834961 69.44941878318787
-26.618414521217346 120.88541030883789 64.26254212856293
-13.975834175944328 120.90802848339081 68.08586597442627
-38.67177456617355 120.78523635864258 57.87640631198883
-26.987629681825638 120.80613434314728 64.10991787910461
-49.25150901079178 120.69563925266266 49.2515167593956
-38.97066920995712 120.71403443813324 57.67694175243378
-49.4675749540329 120.63522338867188 49.03562515974045
-57.945066690444946 120.62005937099457 38.71766954660416
-58.078385293483734 120.57269990444183 38.518235981464386
-64.41222190856934 120.561363697052 26.680430471897125
-64.47544276714325 120.52881181240082 26.527813971042633
-68.39905679225922 120.52179157733917 13.605432510375977
-68.41546833515167 120.50523281097412 13.522844016551971
-69.74854588508606 120.50284624099731 1.5457082795933275e-05
-68.39905679225922 120.52179157733917 -13.605401515960693
-68.41546833515167 120.50523281097412 -13.522813022136688
-64.41222190856934 120.561363697052 -26.680399477481842
-64.47544276714325 120.52881181240082 -26.52778297662735
-57.945066690444946 120.62005937099457 -38.71763855218887
-58.078385293483734 120.57269990444183 -38.5182049870491
-49.25150901079178 120.69563925266266 -49.251485764980316
-49.4675749540329 120.63522338867188 -49.035594165325165
-38.67177456617355 120.78523635864258 -57.87637531757355
-38.97066920995712 120.71403443813324 -57.676910758018494
-26.618414521217346 120.88541030883789 -64.26251113414764
-26.987629681825638 120.80613434314728 -64.10988688468933
-13.559517189860344 120.99234879016876 -68.1682801246643
-13.97583320736885 120.90802848339081 -68.08583498001099
-0.4330138652585447 121.01583480834961 -69.44938778877258
8.675370422039919e-08 121.10193729400635 -69.4489848613739
13.538290858268738 121.20996057987213 -68.06155860424042
13.121542856097221 121.12540781497955 -68.14487934112549
26.53673842549324 121.31227314472198 -64.06532853841782
26.166769713163376 121.23256325721741 -64.21900272369385
38.499639332294464 121.40489995479584 -57.618761360645294
38.1998535990715 121.33313238620758 -57.81948894262314
48.97267937660217 121.48428440093994 -48.97266000509262
48.75579595565796 121.42325639724731 -49.189934730529785
57.55956590175629 121.5473347902298 -38.4600555896759
57.4256506562233 121.49940967559814 -38.66082191467285
63.93630653619766 121.59161806106567 -26.483269184827805
63.872771859169006 121.55863225460052 -26.636951118707657
67.86275267601013 121.61540627479553 -13.498725518584251
67.84625589847565 121.59860730171204 -13.581904843449593
257.50208258628845 -260.00006198883057 25.36175563931465
247.60641813278198 -260.00006198883057 75.11060297489166
-229.99061822891235 501.2980008125305 121.97298884391785
-201.81034088134766 501.3988256454468 164.1480040550232
-165.94366550445557 501.5271735191345 200.01492738723755
-64.14070308208466 311.28230571746826 152.15930223464966
-76.90683007240295 501.84576511383057 247.60641813278198
-27.158300429582596 502.0237970352173 257.50208258628845
53.19916307926178 121.49184703826904 -43.81674289703369
-33.24785649776459 311.42054080963135 161.5450155735016
73.31338405609131 502.38333225250244 247.60641813278198
120.17546772956848 502.55101203918457 228.19539070129395
-1.11486972309649 311.56519174575806 164.72471714019775
-164.1480040550232 -260.00006198883057 200.01492738723755
198.21691036224365 502.83027172088623 164.1480040550232
226.39718770980835 502.9310965538025 121.97298884391785
-247.60641813278198 -260.00006198883057 75.11060297489166
-92.60735332965851 311.1558485031128 136.92951440811157
-257.50208258628845 -260.00006198883057 -25.36172464489937
245.80809116363525 503.00055503845215 -75.11057198047638
226.39718770980835 502.9310965538025 -121.97295784950256
198.21691036224365 502.83027172088623 -164.1479730606079
162.35023498535156 502.7019238471985 -200.01489639282227
60.71616888046265 121.55298352241516 -32.5485023856163
120.17546772956848 502.55101203918457 -228.19535970687866
73.31338405609131 502.38333225250244 -247.6063871383667
23.56485441327095 502.2053003311157 -257.50205159187317
162.35023498535156 502.7019238471985 200.01492738723755
-20.297124832868576 120.89672327041626 66.17420792579651
-76.90683007240295 501.84576511383057 -247.6063871383667
135.9048080444336 312.1937584877014 91.55455827713013
-165.94366550445557 501.5271735191345 -200.01489639282227
-201.81034088134766 501.3988256454468 -164.1479730606079
-229.99061822891235 501.2980008125305 -121.97295784950256
-249.40152168273926 501.22854232788086 -75.11057198047638
257.50208258628845 -260.00006198883057 -25.36172464489937
161.4334511756897 -69.19233560562134 32.11112663149834
164.59553241729736 -69.19114232063293 1.5161414808062545e-05
160.52602767944336 312.3128080368042 32.15271532535553
65.89128315448761 121.59511268138885 20.03261849284172
60.71616888046265 121.55298352241516 32.548533380031586
53.19916307926178 121.49184703826904 43.816773891448975
48.864237666130066 121.45377039909363 49.08133029937744
43.627715706825256 121.41408205032349 53.40437710285187
32.36829698085785 121.32270276546478 60.94243973493576
-32.82970309257507 120.79568147659302 60.99316209554672
19.852531254291534 121.22126579284668 66.14031553268433
31.02398782968521 311.7107105255127 161.57453775405884
6.560770943760872 121.11366868019104 68.79696309566498
-6.996267177164555 121.00408792495728 68.80886495113373
-13.767676651477814 120.95018863677979 68.12708854675293
-91.56002104282379 -69.607412815094 137.02925443649292
-26.803021132946014 120.84576845169067 64.18623000383377
-38.82122188806534 120.74963927268982 57.776674032211304
-49.35954391956329 120.66542744636536 49.143570959568024
-53.70632082223892 120.62764525413513 43.8766473531723
-138.02789449691772 310.95686435699463 91.4832478761673
-61.24530553817749 120.56703567504883 32.599333226680756
-153.23962807655334 310.89190006256104 63.01276206970215
-66.43724977970123 120.52530169487 20.066623240709305
-69.08201098442078 120.50403952598572 6.7614297568798065
-68.40726256370544 120.51350831985474 -13.56410726904869
-66.43724977970123 120.52530169487 -20.06659224629402
-61.24530553817749 120.56703567504883 -32.59930223226547
-44.11108911037445 120.70483684539795 53.46422731876373
-53.70632082223892 120.62764525413513 -43.87661635875702
-38.82122188806534 120.74963927268982 -57.77664303779602
-26.803021132946014 120.84576845169067 -64.18619900941849
-13.767676651477814 120.95018863677979 -68.12705755233765
-6.996267177164555 121.00408792495728 -68.80883395671844
-0.21650797687470913 121.05888605117798 -69.44918632507324
13.32991637289524 121.16768419742584 -68.10322284698486
26.351754069328308 121.2724220752716 -64.14216756820679
38.34974646568298 121.36901617050171 -57.719125151634216
48.864237666130066 121.45377039909363 -49.08129930496216
57.49261021614075 121.52336835861206 -38.56043875217438
63.90454113483429 121.57512903213501 -26.56011015176773
-27.15829849243164 502.0237970352173 -257.50205159187317
67.8545081615448 121.60700678825378 -13.540315181016922
-123.7689059972763 501.67808532714844 228.19539070129395
-32.141501158475876 -69.50386047363281 -161.58620715141296
163.69633793830872 312.33134269714355 1.5331603862023258e-05
61.93355202674866 311.85158014297485 152.2138524055481
-152.3104465007782 -69.71934914588928 63.089070320129395
-123.7689059972763 501.67808532714844 -228.19535970687866
65.89128315448761 121.59511268138885 -20.032587498426437
23.564856350421906 502.2053003311157 257.50208258628845
-164.8742651939392 -69.74860787391663 1.5324168955999085e-05
-162.60734915733337 310.85365295410156 32.123169898986816
-64.44383233785629 120.54509162902832 -26.604091227054596
-249.40152168273926 501.22854232788086 75.11060297489166
228.19539070129395 -260.00006198883057 121.97298884391785
200.01492738723755 -260.00006198883057 164.1480040550232
164.1480040550232 -260.00006198883057 200.01492738723755
121.97298109531403 -260.00006198883057 228.19539070129395
75.11059522628784 -260.00006198883057 247.60641813278198
-138.02789449691772 310.95686435699463 -91.48321688175201
25.361742079257965 -260.00006198883057 257.50208258628845
-25.361742079257965 -260.00006198883057 257.50208258628845
-75.11059522628784 -260.00006198883057 247.60641813278198
-121.97298109531403 -260.00006198883057 228.19539070129395
-259.2971396446228 501.19314670562744 25.36175563931465
-200.01492738723755 -260.00006198883057 164.1480040550232
-228.19539070129395 -260.00006198883057 121.97298884391785
-58.011727929115295 120.5963796377182 -38.61792176961899
245.80809116363525 503.00055503845215 75.11060297489166
-257.50208258628845 -260.00006198883057 25.36175563931465
255.70369362831116 503.03598165512085 -25.36172464489937
-247.60641813278198 -260.00006198883057 -75.11057198047638
-228.19539070129395 -260.00006198883057 -121.97295784950256
-200.01492738723755 -260.00006198883057 -164.1479730606079
-164.1480040550232 -260.00006198883057 -200.01489639282227
-121.97298109531403 -260.00006198883057 -228.19535970687866
-75.11059522628784 -260.00006198883057 -247.6063871383667
-25.361742079257965 -260.00006198883057 -257.50205159187317
25.361742079257965 -260.00006198883057 -257.50205159187317
75.11059522628784 -260.00006198883057 -247.6063871383667
-49.35954391956329 120.66542744636536 -49.14353996515274
164.1480040550232 -260.00006198883057 -200.01489639282227
200.01492738723755 -260.00006198883057 -164.1479730606079
228.19539070129395 -260.00006198883057 -121.97295784950256
-259.2971396446228 501.19314670562744 -25.36172464489937
247.60641813278198 -260.00006198883057 -75.11057198047638
-44.11108911037445 120.70483684539795 -53.46419632434845
152.0724868774414 -69.20422196388245 62.9905042052269
136.87082648277283 -69.2263674736023 91.45417511463165
-63.05805653333664 -69.55732583999634 152.2356104850769
116.41021966934204 -69.25788879394531 116.41022741794586
68.52691650390625 121.61659955978394 6.749386005103588
91.47394955158234 -69.29757714271545 136.90044164657593
38.34974646568298 121.36901617050171 57.7191561460495
63.01721751689911 -69.3438982963562 152.13701725006104
26.351754069328308 121.2724220752716 64.14219856262207
32.130887508392334 -69.39505457878113 161.5328812599182
13.32991637289524 121.16768419742584 68.10325384140015
1.444917385740041e-07 -69.44906234741211 164.72450017929077
-32.141501158475876 -69.50386047363281 161.58623814582825
-0.21650797687470913 121.05888605117798 69.44921731948853
67.8545081615448 121.60700678825378 13.540346175432205
-116.54963254928589 -69.65221524238586 116.54964029788971
-137.06358075141907 -69.68999743461609 91.58296465873718
-58.011727929115295 120.5963796377182 38.61795276403427
-32.82970309257507 120.79568147659302 -60.99313110113144
-64.44383233785629 120.54509162902832 26.60412222146988
-161.70161485671997 -69.73913908004761 32.16446414589882
-68.40726256370544 120.51350831985474 13.564138263463974
-165.7718014717102 310.84351778030396 1.526800950557572e-05
-161.70161485671997 -69.73913908004761 -32.164433151483536
-69.08201098442078 120.50403952598572 -6.761398762464523
-152.3104465007782 -69.71934914588928 -63.08903932571411
-137.06358075141907 -69.68999743461609 -91.5829336643219
-116.54963254928589 -69.65221524238586 -116.54960930347443
-91.56002104282379 -69.607412815094 -137.02922344207764
68.52691650390625 121.61659955978394 -6.749355010688305
-63.05805653333664 -69.55732583999634 -152.23557949066162
63.90454113483429 121.57512903213501 26.560141146183014
1.6483199111183566e-08 -69.44906234741211 -164.7244691848755
32.130887508392334 -69.39505457878113 -161.53285026550293
6.560770943760872 121.11366868019104 -68.7969321012497
63.01721751689911 -69.3438982963562 -152.13698625564575
91.47394955158234 -69.29757714271545 -136.90041065216064
-20.297124832868576 120.89672327041626 -66.17417693138123
116.41021966934204 -69.25788879394531 -116.41019642353058
136.87082648277283 -69.2263674736023 -91.45414412021637
152.0724868774414 -69.20422196388245 -62.990473210811615
161.4334511756897 -69.19233560562134 -32.111095637083054
160.52602767944336 312.3128080368042 -32.15268433094025
57.49261021614075 121.52336835861206 38.56046974658966
151.14158511161804 312.26637840270996 -63.067312240600586
135.9048080444336 312.1937584877014 -91.55452728271484
255.70369362831116 503.03598165512085 25.36175563931465
90.4252302646637 311.9822835922241 -137.00077056884766
61.93355202674866 311.85158014297485 -152.2138214111328
31.02398782968521 311.7107105255127 -161.57450675964355
-1.1148682702332735 311.56519174575806 -164.72468614578247
115.40282368659973 312.0978307723999 116.51886284351349
-33.24785649776459 311.42054080963135 -161.5449845790863
-64.14070308208466 311.28230571746826 -152.15927124023438
121.97298109531403 -260.00006198883057 -228.19535970687866
-92.60735332965851 311.1558485031128 -136.9294834136963
19.852531254291534 121.22126579284668 -66.14028453826904
-117.55543231964111 311.04594230651855 -116.44166350364685
151.14158511161804 312.26637840270996 63.06734323501587
-153.23962807655334 310.89190006256104 -63.012731075286865
-162.60734915733337 310.85365295410156 -32.12313890457153
32.36829698085785 121.32270276546478 -60.94240874052048
90.4252302646637 311.9822835922241 137.00080156326294
43.627715706825256 121.41408205032349 -53.404346108436584
-117.55543231964111 311.04594230651855 116.44169449806213
115.40282368659973 312.0978307723999 -116.5188318490982
-164.18956756591797 310.8485698699951 -16.061561703681946
-164.18956756591797 310.8485698699951 16.06159269809723
163.01450729370117 -69.19173121452332 -16.055541038513184
163.01450729370117 -69.19173121452332 16.055569127202034
