111.1140489578247 166.2939190864563 0.0
166.2939190864563 111.1140489578247 0.0
196.15705013275146 39.018064737319946 0.0
200.0 0.0 0.0
196.15705013275146 -39.018064737319946 0.0
166.2939190864563 -111.1140489578247 0.0
38.26834261417389 196.15705013275146 7.612046599388123
75.06605982780457 184.77590084075928 14.931568503379822
108.97902250289917 166.2939190864563 21.677276492118835
138.70397806167603 141.42135381698608 27.589938044548035
163.0986213684082 111.1140489578247 32.44233429431915
181.2254786491394 76.53669118881226 36.04798913002014
192.38793849945068 39.018064737319946 38.26834261417389
196.15705013275146 0.0 39.018064737319946
192.38793849945068 -39.018064737319946 38.26834261417389
181.2254786491394 -76.53669118881226 36.04798913002014
163.0986213684082 -111.1140489578247 32.44233429431915
138.70397806167603 -141.42135381698608 27.589938044548035
108.97902250289917 -166.2939190864563 21.677276492118835
75.06605982780457 -184.77590084075928 14.931568503379822
38.26834261417389 -196.15705013275146 7.612046599388123
36.04798913002014 196.15705013275146 14.931565523147583
70.71068286895752 184.77590084075928 29.289323091506958
102.6559829711914 166.2939190864563 42.521506547927856
130.6562900543213 141.42135381698608 54.11961078643799
153.63552570343018 111.1140489578247 63.63792419433594
170.71067094802856 76.53669118881226 70.71067094802856
181.2254786491394 39.018064737319946 75.06605386734009
184.77588891983032 0.0 76.53668522834778
181.2254786491394 -39.018064737319946 75.06605386734009
170.71067094802856 -76.53669118881226 70.71067094802856
153.63552570343018 -111.1140489578247 63.63792419433594
130.6562900543213 -141.42135381698608 54.11961078643799
102.6559829711914 -166.2939190864563 42.521506547927856
70.71068286895752 -184.77590084075928 29.289323091506958
36.04798913002014 -196.15705013275146 14.931565523147583
32.442331314086914 196.15705013275146 21.677273511886597
63.637930154800415 184.77590084075928 42.521506547927856
92.38793849945068 166.2939190864563 61.73165440559387
117.58755445480347 141.42135381698608 78.569495677948
138.26831579208374 111.1140489578247 92.38793849945068
153.63553762435913 76.53669118881226 102.6559829711914
163.0986213684082 39.018064737319946 108.97902250289917
166.2938952445984 0.0 111.1140489578247
163.0986213684082 -39.018064737319946 108.97902250289917
153.63553762435913 -76.53669118881226 102.6559829711914
138.26831579208374 -111.1140489578247 92.38793849945068
117.58755445480347 -141.42135381698608 78.569495677948
92.38793849945068 -166.2939190864563 61.73165440559387
63.637930154800415 -184.77590084075928 42.521506547927856
32.442331314086914 -196.15705013275146 21.677273511886597
27.589932084083557 196.15705013275146 27.589935064315796
54.11960482597351 184.77590084075928 54.11961078643799
78.56947779655457 166.2939190864563 78.56948971748352
100.0 141.42135381698608 100.0
117.58753061294556 111.1140489578247 117.58754253387451
130.6562900543213 76.53669118881226 130.65627813339233
138.70396614074707 39.018064737319946 138.70397806167603
141.42131805419922 0.0 141.42135381698608
138.70396614074707 -39.018064737319946 138.70397806167603
130.6562900543213 -76.53669118881226 130.65627813339233
117.58753061294556 -111.1140489578247 117.58754253387451
100.0 -141.42135381698608 100.0
78.56947779655457 -166.2939190864563 78.56948971748352
54.11960482597351 -184.77590084075928 54.11961078643799
27.589932084083557 -196.15705013275146 27.589935064315796
21.677270531654358 196.15705013275146 32.442331314086914
42.52150058746338 184.77590084075928 63.637930154800415
61.73164248466492 166.2939190864563 92.38794445991516
78.569495677948 141.42135381698608 117.58755445480347
92.38792657852173 111.1140489578247 138.2683277130127
102.65599489212036 76.53669118881226 153.63552570343018
108.97899866104126 39.018064737319946 163.0986213684082
111.11400127410889 0.0 166.29390716552734
108.97899866104126 -39.018064737319946 163.0986213684082
102.65599489212036 -76.53669118881226 153.63552570343018
92.38792657852173 -111.1140489578247 138.2683277130127
78.569495677948 -141.42135381698608 117.58755445480347
61.73164248466492 -166.2939190864563 92.38794445991516
42.52150058746338 -184.77590084075928 63.637930154800415
21.677270531654358 -196.15705013275146 32.442331314086914
0.0 200.0 0.0
14.931562542915344 196.15705013275146 36.047983169555664
29.28931713104248 184.77590084075928 70.71067094802856
42.52149164676666 166.2939190864563 102.6559829711914
54.11961078643799 141.42135381698608 130.6562900543213
63.63790035247803 111.1140489578247 153.63552570343018
70.71068286895752 76.53669118881226 170.7106590270996
75.06603002548218 39.018064737319946 181.22546672821045
76.53664350509644 0.0 184.77587699890137
75.06603002548218 -39.018064737319946 181.22546672821045
70.71068286895752 -76.53669118881226 170.7106590270996
63.63790035247803 -111.1140489578247 153.63552570343018
54.11961078643799 -141.42135381698608 130.6562900543213
42.52149164676666 -166.2939190864563 102.6559829711914
29.28931713104248 -184.77590084075928 70.71067094802856
14.931562542915344 -196.15705013275146 36.047983169555664
7.612042874097824 196.15705013275146 38.26833367347717
14.931562542915344 184.77590084075928 75.06604790687561
21.67726308107376 166.2939190864563 108.97901058197021
27.589941024780273 141.42135381698608 138.70397806167603
32.44231343269348 111.1140489578247 163.0985975265503
36.04799807071686 76.53669118881226 181.22546672821045
38.26832175254822 39.018064737319946 192.38792657852173
39.01802599430084 0.0 196.1570143699646
38.26832175254822 -39.018064737319946 192.38792657852173
36.04799807071686 -76.53669118881226 181.22546672821045
32.44231343269348 -111.1140489578247 163.0985975265503
27.589941024780273 -141.42135381698608 138.70397806167603
21.67726308107376 -166.2939190864563 108.97901058197021
14.931562542915344 -184.77590084075928 75.06604790687561
7.612042874097824 -196.15705013275146 38.26833367347717
-2.2351741790771484e-06 196.15705013275146 39.01805281639099
-4.470348358154297e-06 184.77590084075928 76.5366792678833
-1.043081283569336e-05 166.2939190864563 111.1140251159668
2.9802322387695312e-06 141.42135381698608 141.42134189605713
-1.7881393432617188e-05 111.1140489578247 166.29388332366943
8.940696716308594e-06 76.53669118881226 184.77588891983032
-1.7881393432617188e-05 39.018064737319946 196.15702629089355
-3.2782554626464844e-05 0.0 199.99994039535522
-1.7881393432617188e-05 -39.018064737319946 196.15702629089355
8.940696716308594e-06 -76.53669118881226 184.77588891983032
-1.7881393432617188e-05 -111.1140489578247 166.29388332366943
2.9802322387695312e-06 -141.42135381698608 141.42134189605713
-1.043081283569336e-05 -166.2939190864563 111.1140251159668
-4.470348358154297e-06 -184.77590084075928 76.5366792678833
-2.2351741790771484e-06 -196.15705013275146 39.01805281639099
-7.612046599388123 196.15705013275146 38.268330693244934
-14.931569993495941 184.77590084075928 75.06604790687561
-21.677280962467194 166.2939190864563 108.97899866104126
-27.589932084083557 141.42135381698608 138.70396614074707
-32.44234621524811 111.1140489578247 163.09858560562134
-36.047980189323425 76.53669118881226 181.22546672821045
-38.268354535102844 39.018064737319946 192.38791465759277
-39.01808559894562 0.0 196.15697860717773
-38.268354535102844 -39.018064737319946 192.38791465759277
-36.047980189323425 -76.53669118881226 181.22546672821045
-32.44234621524811 -111.1140489578247 163.09858560562134
-27.589932084083557 -141.42135381698608 138.70396614074707
-21.677280962467194 -166.2939190864563 108.97899866104126
-14.931569993495941 -184.77590084075928 75.06604790687561
-7.612046599388123 -196.15705013275146 38.268330693244934
-14.931564033031464 196.15705013275146 36.04797720909119
-29.289323091506958 184.77590084075928 70.71067094802856
-42.521506547927856 166.2939190864563 102.6559591293335
-54.11959886550903 141.42135381698608 130.65627813339233
-63.637930154800415 111.1140489578247 153.63550186157227
-70.71065902709961 76.53669118881226 170.7106590270996
-75.06605982780457 39.018064737319946 181.22544288635254
-76.53669118881226 0.0 184.7758173942566
-75.06605982780457 -39.018064737319946 181.22544288635254
-70.71065902709961 -76.53669118881226 170.7106590270996
-63.637930154800415 -111.1140489578247 153.63550186157227
-54.11959886550903 -141.42135381698608 130.65627813339233
-42.521506547927856 -166.2939190864563 102.6559591293335
-29.289323091506958 -184.77590084075928 70.71067094802856
-14.931564033031464 -196.15705013275146 36.04797720909119
-21.67726755142212 196.15705013275146 32.44231939315796
-42.52150356769562 184.77590084075928 63.63791823387146
-61.731648445129395 166.2939190864563 92.38791465759277
-78.56948375701904 141.42135381698608 117.58754253387451
-92.38793849945068 111.1140489578247 138.26829195022583
-102.65597105026245 76.53669118881226 153.63552570343018
-108.97901058197021 39.018064737319946 163.09858560562134
-111.11403703689575 0.0 166.29382371902466
-108.97901058197021 -39.018064737319946 163.09858560562134
-102.65597105026245 -76.53669118881226 153.63552570343018
-92.38793849945068 -111.1140489578247 138.26829195022583
-78.56948375701904 -141.42135381698608 117.58754253387451
-61.731648445129395 -166.2939190864563 92.38791465759277
-42.52150356769562 -184.77590084075928 63.63791823387146
-21.67726755142212 -196.15705013275146 32.44231939315796
-27.58992612361908 196.15705013275146 27.58992314338684
-54.11960482597351 184.77590084075928 54.119592905044556
-78.56948375701904 166.2939190864563 78.56945395469666
-99.99998807907104 141.42135381698608 99.99998807907104
-117.58753061294556 111.1140489578247 117.58750677108765
-130.65626621246338 76.53669118881226 130.65627813339233
-138.70396614074707 39.018064737319946 138.70394229888916
-141.42132997512817 0.0 141.4212465286255
-138.70396614074707 -39.018064737319946 138.70394229888916
-130.65626621246338 -76.53669118881226 130.65627813339233
-117.58753061294556 -111.1140489578247 117.58750677108765
-99.99998807907104 -141.42135381698608 99.99998807907104
-78.56948375701904 -166.2939190864563 78.56945395469666
-54.11960482597351 -184.77590084075928 54.119592905044556
-27.58992612361908 -196.15705013275146 27.58992314338684
-32.44231939315796 196.15705013275146 21.67726308107376
-63.63792419433594 184.77590084075928 42.521488666534424
-92.3879325389862 166.2939190864563 61.73161864280701
-117.58754253387451 141.42135381698608 78.56948375701904
-138.26830387115479 111.1140489578247 92.3879086971283
-153.63551378250122 76.53669118881226 102.6559829711914
-163.0985975265503 39.018064737319946 108.97897481918335
-166.29387140274048 0.0 111.11394166946411
-163.0985975265503 -39.018064737319946 108.97897481918335
-153.63551378250122 -76.53669118881226 102.6559829711914
-138.26830387115479 -111.1140489578247 92.3879086971283
-117.58754253387451 -141.42135381698608 78.56948375701904
-92.3879325389862 -166.2939190864563 61.73161864280701
-63.63792419433594 -184.77590084075928 42.521488666534424
-32.44231939315796 -196.15705013275146 21.67726308107376
-36.04797124862671 196.15705013275146 14.931556582450867
-70.71066498756409 184.77590084075928 29.289305210113525
-102.6559591293335 166.2939190864563 42.52147078514099
-130.65627813339233 141.42135381698608 54.11959886550903
-153.63550186157227 111.1140489578247 63.63788843154907
-170.7106351852417 76.53669118881226 70.71067094802856
-181.22544288635254 39.018064737319946 75.06600618362427
-184.77582931518555 0.0 76.53658986091614
-181.22544288635254 -39.018064737319946 75.06600618362427
-170.7106351852417 -76.53669118881226 70.71067094802856
-153.63550186157227 -111.1140489578247 63.63788843154907
-130.65627813339233 -141.42135381698608 54.11959886550903
-102.6559591293335 -166.2939190864563 42.52147078514099
-70.71066498756409 -184.77590084075928 29.289305210113525
-36.04797124862671 -196.15705013275146 14.931556582450867
-38.26831877231598 196.15705013275146 7.612040638923645
-75.06603598594666 184.77590084075928 14.931552112102509
-108.97897481918335 166.2939190864563 21.677246689796448
-138.70396614074707 141.42135381698608 27.589932084083557
-163.09857368469238 111.1140489578247 32.442304491996765
-181.22544288635254 76.53669118881226 36.04798913002014
-192.38789081573486 39.018064737319946 38.268303871154785
-196.15695476531982 0.0 39.01798129081726
-192.38789081573486 -39.018064737319946 38.268303871154785
-181.22544288635254 -76.53669118881226 36.04798913002014
-163.09857368469238 -111.1140489578247 32.442304491996765
-138.70396614074707 -141.42135381698608 27.589932084083557
-108.97897481918335 -166.2939190864563 21.677246689796448
-75.06603598594666 -184.77590084075928 14.931552112102509
-38.26831877231598 -196.15705013275146 7.612040638923645
-39.0180379152298 196.15705013275146 -1.4901161193847656e-06
-76.53666734695435 184.77590084075928 -1.043081283569336e-05
-111.11398935317993 166.2939190864563 -1.9371509552001953e-05
-141.42132997512817 141.42135381698608 -2.9802322387695312e-06
-166.29385948181152 111.1140489578247 -2.086162567138672e-05
-184.77585315704346 76.53669118881226 5.9604644775390625e-06
-196.1569905281067 39.018064737319946 -2.682209014892578e-05
-199.9998688697815 0.0 -6.556510925292969e-05
-196.1569905281067 -39.018064737319946 -2.682209014892578e-05
-184.77585315704346 -76.53669118881226 5.9604644775390625e-06
-166.29385948181152 -111.1140489578247 -2.086162567138672e-05
-141.42132997512817 -141.42135381698608 -2.9802322387695312e-06
-111.11398935317993 -166.2939190864563 -1.9371509552001953e-05
-76.53666734695435 -184.77590084075928 -1.043081283569336e-05
-39.0180379152298 -196.15705013275146 -1.4901161193847656e-06
-38.26831579208374 196.15705013275146 -7.612042874097824
-75.06603598594666 184.77590084075928 -14.93157297372818
-108.9789628982544 166.2939190864563 -21.677283942699432
-138.70395421981812 141.42135381698608 -27.589935064315796
-163.09856176376343 111.1140489578247 -32.44234323501587
-181.22543096542358 76.53669118881226 -36.04797422885895
-192.3878788948059 39.018064737319946 -38.26835751533508
-196.156907081604 0.0 -39.01810348033905
-192.3878788948059 -39.018064737319946 -38.26835751533508
-181.22543096542358 -76.53669118881226 -36.04797422885895
-163.09856176376343 -111.1140489578247 -32.44234323501587
-138.70395421981812 -141.42135381698608 -27.589935064315796
-108.9789628982544 -166.2939190864563 -21.677283942699432
-75.06603598594666 -184.77590084075928 -14.93157297372818
-38.26831579208374 -196.15705013275146 -7.612042874097824
-36.04796528816223 196.15705013275146 -14.931556582450867
-70.71065902709961 184.77590084075928 -29.289323091506958
-102.65592336654663 166.2939190864563 -42.52150058746338
-130.65626621246338 141.42135381698608 -54.11959886550903
-153.63547801971436 111.1140489578247 -63.63792419433594
-170.71062326431274 76.53669118881226 -70.71064710617065
-181.22540712356567 39.018064737319946 -75.06605386734009
-184.77574586868286 0.0 -76.53669714927673
-181.22540712356567 -39.018064737319946 -75.06605386734009
-170.71062326431274 -76.53669118881226 -70.71064710617065
-153.63547801971436 -111.1140489578247 -63.63792419433594
-130.65626621246338 -141.42135381698608 -54.11959886550903
-102.65592336654663 -166.2939190864563 -42.52150058746338
-70.71065902709961 -184.77590084075928 -29.289323091506958
-36.04796528816223 -196.15705013275146 -14.931556582450867
-32.44231045246124 196.15705013275146 -21.677260100841522
-63.637906312942505 184.77590084075928 -42.52150058746338
-92.38787889480591 166.2939190864563 -61.73163652420044
-117.58753061294556 141.42135381698608 -78.56948375701904
-138.26826810836792 111.1140489578247 -92.38792657852173
-153.63550186157227 76.53669118881226 -102.65594720840454
-163.09854984283447 39.018064737319946 -108.97901058197021
-166.29375219345093 0.0 -111.1140251159668
-163.09854984283447 -39.018064737319946 -108.97901058197021
-153.63550186157227 -76.53669118881226 -102.65594720840454
-138.26826810836792 -111.1140489578247 -92.38792657852173
-117.58753061294556 -141.42135381698608 -78.56948375701904
-92.38787889480591 -166.2939190864563 -61.73163652420044
-63.637906312942505 -184.77590084075928 -42.52150058746338
-32.44231045246124 -196.15705013275146 -21.677260100841522
-27.589914202690125 196.15705013275146 -27.589917182922363
-54.11958694458008 184.77590084075928 -54.11959886550903
-78.56942415237427 166.2939190864563 -78.56945991516113
-99.99997615814209 141.42135381698608 -99.99998211860657
-117.58748292922974 111.1140489578247 -117.5875186920166
-130.65625429153442 76.53669118881226 -130.65624237060547
-138.7039065361023 39.018064737319946 -138.70395421981812
-141.4211869239807 0.0 -141.4212942123413
-138.7039065361023 -39.018064737319946 -138.70395421981812
-130.65625429153442 -76.53669118881226 -130.65624237060547
-117.58748292922974 -111.1140489578247 -117.5875186920166
-99.99997615814209 -141.42135381698608 -99.99998211860657
-78.56942415237427 -166.2939190864563 -78.56945991516113
-54.11958694458008 -184.77590084075928 -54.11959886550903
-27.589914202690125 -196.15705013275146 -27.589917182922363
0.0 -200.0 0.0
-21.677255630493164 196.15705013275146 -32.44231045246124
-42.521482706069946 184.77590084075928 -63.63791227340698
-61.73158884048462 166.2939190864563 -92.38790273666382
-78.56947183609009 141.42135381698608 -117.58753061294556
-92.38788485527039 111.1140489578247 -138.26829195022583
-102.6559591293335 76.53669118881226 -153.6354899406433
-108.97893905639648 39.018064737319946 -163.09858560562134
-111.11388206481934 0.0 -166.29382371902466
-108.97893905639648 -39.018064737319946 -163.09858560562134
-102.6559591293335 -76.53669118881226 -153.6354899406433
-92.38788485527039 -111.1140489578247 -138.26829195022583
-78.56947183609009 -141.42135381698608 -117.58753061294556
-61.73158884048462 -166.2939190864563 -92.38790273666382
-42.521482706069946 -184.77590084075928 -63.63791227340698
-21.677255630493164 -196.15705013275146 -32.44231045246124
-14.93155062198639 196.15705013275146 -36.04796230792999
-29.289302229881287 184.77590084075928 -70.71065306663513
-42.52144694328308 166.2939190864563 -102.65592336654663
-54.119592905044556 141.42135381698608 -130.65626621246338
-63.63786458969116 111.1140489578247 -153.63547801971436
-70.71065306663513 76.53669118881226 -170.7106113433838
-75.06597638130188 39.018064737319946 -181.22543096542358
-76.53653621673584 0.0 -184.77576971054077
-75.06597638130188 -39.018064737319946 -181.22543096542358
-70.71065306663513 -76.53669118881226 -170.7106113433838
-63.63786458969116 -111.1140489578247 -153.63547801971436
-54.119592905044556 -141.42135381698608 -130.65626621246338
-42.52144694328308 -166.2939190864563 -102.65592336654663
-29.289302229881287 -184.77590084075928 -70.71065306663513
-14.93155062198639 -196.15705013275146 -36.04796230792999
-7.612036168575287 196.15705013275146 -38.26830983161926
-14.93155062198639 184.77590084075928 -75.0660240650177
-21.677230298519135 166.2939190864563 -108.97893905639648
-27.58992612361908 141.42135381698608 -138.70395421981812
-32.44228661060333 111.1140489578247 -163.09854984283447
-36.04797720909119 76.53669118881226 -181.22541904449463
-38.268277049064636 39.018064737319946 -192.3878788948059
-39.01793956756592 0.0 -196.1568832397461
-38.268277049064636 -39.018064737319946 -192.3878788948059
-36.04797720909119 -76.53669118881226 -181.22541904449463
-32.44228661060333 -111.1140489578247 -163.09854984283447
-27.58992612361908 -141.42135381698608 -138.70395421981812
-21.677230298519135 -166.2939190864563 -108.97893905639648
-14.93155062198639 -184.77590084075928 -75.0660240650177
-7.612036168575287 -196.15705013275146 -38.26830983161926
3.725290298461914e-06 196.15705013275146 -39.01802897453308
1.043081283569336e-05 184.77590084075928 -76.53664946556091
2.9802322387695312e-05 166.2939190864563 -111.11395359039307
5.9604644775390625e-06 141.42135381698608 -141.42131805419922
3.2782554626464844e-05 111.1140489578247 -166.2938356399536
2.9802322387695312e-06 76.53669118881226 -184.77582931518555
5.364418029785156e-05 39.018064737319946 -196.15696668624878
8.940696716308594e-05 0.0 -199.99980926513672
5.364418029785156e-05 -39.018064737319946 -196.15696668624878
2.9802322387695312e-06 -76.53669118881226 -184.77582931518555
3.2782554626464844e-05 -111.1140489578247 -166.2938356399536
5.9604644775390625e-06 -141.42135381698608 -141.42131805419922
2.9802322387695312e-05 -166.2939190864563 -111.11395359039307
1.043081283569336e-05 -184.77590084075928 -76.53664946556091
3.725290298461914e-06 -196.15705013275146 -39.01802897453308
7.612043619155884 196.15705013275146 -38.268306851387024
14.931569993495941 184.77590084075928 -75.06601810455322
21.67728692293167 166.2939190864563 -108.97892713546753
27.589938044548035 141.42135381698608 -138.70394229888916
32.442352175712585 111.1140489578247 -163.09852600097656
36.047980189323425 76.53669118881226 -181.22540712356567
38.268378376960754 39.018064737319946 -192.38784313201904
39.018115401268005 0.0 -196.15684747695923
38.268378376960754 -39.018064737319946 -192.38784313201904
36.047980189323425 -76.53669118881226 -181.22540712356567
32.442352175712585 -111.1140489578247 -163.09852600097656
27.589938044548035 -141.42135381698608 -138.70394229888916
21.67728692293167 -166.2939190864563 -108.97892713546753
14.931569993495941 -184.77590084075928 -75.06601810455322
7.612043619155884 -196.15705013275146 -38.268306851387024
14.931556582450867 196.15705013275146 -36.047956347465515
29.28931713104248 184.77590084075928 -70.71064114570618
42.52149760723114 166.2939190864563 -102.65588760375977
54.11959886550903 141.42135381698608 -130.65625429153442
63.63792419433594 111.1140489578247 -153.6354422569275
70.71064710617065 76.53669118881226 -170.71059942245483
75.06606578826904 39.018064737319946 -181.2253713607788
76.53669714927673 0.0 -184.7756862640381
75.06606578826904 -39.018064737319946 -181.2253713607788
70.71064710617065 -76.53669118881226 -170.71059942245483
63.63792419433594 -111.1140489578247 -153.6354422569275
54.11959886550903 -141.42135381698608 -130.65625429153442
42.52149760723114 -166.2939190864563 -102.65588760375977
29.28931713104248 -184.77590084075928 -70.71064114570618
14.931556582450867 -196.15705013275146 -36.047956347465515
21.677258610725403 196.15705013275146 -32.442301511764526
42.52149164676666 184.77590084075928 -63.63788843154907
61.73163056373596 166.2939190864563 -92.38784313201904
78.56947779655457 141.42135381698608 -117.5875186920166
92.38792657852173 111.1140489578247 -138.26823234558105
102.65594720840454 76.53669118881226 -153.63547801971436
108.97901058197021 39.018064737319946 -163.0985140800476
111.11401319503784 0.0 -166.29369258880615
108.97901058197021 -39.018064737319946 -163.0985140800476
102.65594720840454 -76.53669118881226 -153.63547801971436
92.38792657852173 -111.1140489578247 -138.26823234558105
78.56947779655457 -141.42135381698608 -117.5875186920166
61.73163056373596 -166.2939190864563 -92.38784313201904
42.52149164676666 -184.77590084075928 -63.63788843154907
21.677258610725403 -196.15705013275146 -32.442301511764526
27.589914202690125 196.15705013275146 -27.589908242225647
54.11958694458008 184.77590084075928 -54.11957502365112
78.56944799423218 166.2939190864563 -78.5693883895874
99.99997615814209 141.42135381698608 -99.99996423721313
117.58750677108765 111.1140489578247 -117.58744716644287
130.6562304496765 76.53669118881226 -130.6562304496765
138.70394229888916 39.018064737319946 -138.70387077331543
141.4212703704834 0.0 -141.4211392402649
138.70394229888916 -39.018064737319946 -138.70387077331543
130.6562304496765 -76.53669118881226 -130.6562304496765
117.58750677108765 -111.1140489578247 -117.58744716644287
99.99997615814209 -141.42135381698608 -99.99996423721313
78.56944799423218 -166.2939190864563 -78.5693883895874
54.11958694458008 -184.77590084075928 -54.11957502365112
27.589914202690125 -196.15705013275146 -27.589908242225647
32.442304491996765 196.15705013275146 -21.677249670028687
63.63790035247803 184.77590084075928 -42.52147376537323
92.38788485527039 166.2939190864563 -61.73155903816223
117.58753061294556 141.42135381698608 -78.56945991516113
138.26826810836792 111.1140489578247 -92.387855052948
153.63547801971436 76.53669118881226 -102.65593528747559
163.09856176376343 39.018064737319946 -108.97891521453857
166.2937879562378 0.0 -111.11384630203247
163.09856176376343 -39.018064737319946 -108.97891521453857
153.63547801971436 -76.53669118881226 -102.65593528747559
138.26826810836792 -111.1140489578247 -92.387855052948
117.58753061294556 -141.42135381698608 -78.56945991516113
92.38788485527039 -166.2939190864563 -61.73155903816223
63.63790035247803 -184.77590084075928 -42.52147376537323
32.442304491996765 -196.15705013275146 -21.677249670028687
36.047953367233276 196.15705013275146 -14.93154764175415
70.71064710617065 184.77590084075928 -29.28929626941681
102.65589952468872 166.2939190864563 -42.52142012119293
130.65626621246338 141.42135381698608 -54.1195809841156
153.63545417785645 111.1140489578247 -63.63784074783325
170.71059942245483 76.53669118881226 -70.7106351852417
181.22539520263672 39.018064737319946 -75.06595849990845
184.77572202682495 0.0 -76.53651237487793
181.22539520263672 -39.018064737319946 -75.06595849990845
170.71059942245483 -76.53669118881226 -70.7106351852417
153.63545417785645 -111.1140489578247 -63.63784074783325
130.65626621246338 -141.42135381698608 -54.1195809841156
102.65589952468872 -166.2939190864563 -42.52142012119293
70.71064710617065 -184.77590084075928 -29.28929626941681
36.047953367233276 -196.15705013275146 -14.93154764175415
38.268300890922546 196.15705013275146 -7.612035423517227
75.06601810455322 184.77590084075928 -14.931546151638031
108.97890329360962 166.2939190864563 -21.677207946777344
138.70395421981812 141.42135381698608 -27.589914202690125
163.0985140800476 111.1140489578247 -32.44226574897766
181.22539520263672 76.53669118881226 -36.04796230792999
192.38784313201904 39.018064737319946 -38.26826512813568
196.15683555603027 0.0 -39.017924666404724
192.38784313201904 -39.018064737319946 -38.26826512813568
181.22539520263672 -76.53669118881226 -36.04796230792999
163.0985140800476 -111.1140489578247 -32.44226574897766
138.70395421981812 -141.42135381698608 -27.589914202690125
108.97890329360962 -166.2939190864563 -21.677207946777344
75.06601810455322 -184.77590084075928 -14.931546151638031
38.268300890922546 -196.15705013275146 -7.612035423517227
39.018020033836365 196.15705013275146 2.9802322387695312e-06
76.53664350509644 184.77590084075928 1.341104507446289e-05
141.42131805419922 141.42135381698608 1.7881393432617188e-05
184.77580547332764 76.53669118881226 1.1920928955078125e-05
184.77580547332764 -76.53669118881226 1.1920928955078125e-05
141.42131805419922 -141.42135381698608 1.7881393432617188e-05
111.11390590667725 -166.2939190864563 4.32133674621582e-05
76.53664350509644 -184.77590084075928 1.341104507446289e-05
39.018020033836365 -196.15705013275146 2.9802322387695312e-06
39.01802599430084 0.0 196.1570143699646
